1 1
2 1
3 1
4 0
5 2
6 2
7 1
8 2
9 2
10 1
11 3
12 2
13 1
14 3
15 2
16 0
17 3
18 2
19 3
20 2
21 1
22 3
23 2
24 4
25 3
26 1
27 3
28 2
29 4
30 3
31 1
32 4
33 2
34 3
35 3
36 0
37 3
38 2
39 4
40 2
41 4
42 3
43 1
44 4
45 2
46 4
47 3
48 4
49 3
50 1
51 4
52 2
53 4
54 3
55 4
56 6
57 1
58 3
59 2
60 4
61 3
62 5
63 3
64 0
65 4
66 2
67 4
68 2
69 4
70 3
71 5
72 4
73 1
74 4
75 2
76 4
77 3
78 5
79 3
80 4
81 4
82 1
83 4
84 2
85 4
86 3
87 5
88 6
89 5
90 3
91 1
92 4
93 2
94 5
95 3
96 8
97 3
98 5
99 4
100 0
101 4
102 2
103 4
104 2
105 5
106 3
107 5
108 4
109 5
110 4
111 1
112 4
113 2
114 5
115 3
116 4
117 3
118 5
119 4
120 6
121 4
122 1
123 4
124 2
125 5
126 3
127 5
128 8
129 5
130 3
131 5
132 4
133 1
134 5
135 2
136 6
137 3
138 5
139 3
140 6
141 4
142 6
143 4
144 0
145 4
146 2
147 5
148 2
149 5
150 3
151 5
152 4
153 5
154 4
155 6
156 4
157 1
158 5
159 2
160 4
161 3
162 5
163 3
164 6
165 4
166 6
167 4
168 6
169 4
170 1
171 5
172 2
173 5
174 3
175 5
176 8
177 5
178 3
179 6
180 4
181 6
182 5
183 1
184 8
185 2
186 5
187 3
188 6
189 3
190 6
191 4
192 8
193 4
194 5
195 4
196 0
197 5
198 2
199 5
200 2
201 5
202 3
203 5
204 4
205 6
206 4
207 6
208 4
209 7
210 5
211 1
212 4
213 2
214 5
215 3
216 6
217 3
218 6
219 4
220 6
221 4
222 6
223 4
224 12
225 5
226 1
227 5
228 2
229 5
230 3
231 5
232 6
233 6
234 3
235 6
236 4
237 7
238 5
239 7
240 8
241 1
242 5
243 2
244 6
245 3
246 6
247 3
248 10
249 4
250 5
251 4
252 6
253 4
254 7
255 5
256 0
257 5
258 2
259 5
260 2
261 5
262 3
263 6
264 4
265 6
266 4
267 7
268 4
269 7
270 5
271 6
272 4
273 1
274 5
275 2
276 6
277 3
278 6
279 3
280 6
281 4
282 6
283 4
284 10
285 4
286 7
287 5
288 8
289 5
290 1
291 5
292 2
293 5
294 3
295 6
296 8
297 6
298 3
299 7
300 4
301 7
302 5
303 6
304 8
305 7
306 5
307 1
308 6
309 2
310 6
311 3
312 10
313 3
314 5
315 4
316 6
317 4
318 7
319 4
320 8
321 5
322 7
323 5
324 0
325 5
326 2
327 5
328 2
329 6
330 3
331 6
332 4
333 7
334 4
335 7
336 4
337 6
338 5
339 7
340 4
341 7
342 5
343 1
344 6
345 2
346 6
347 3
348 6
349 3
350 6
351 4
352 12
353 4
354 7
355 4
356 8
357 5
358 7
359 5
360 6
361 5
362 1
363 5
364 2
365 6
366 3
367 6
368 8
369 7
370 3
371 7
372 4
373 6
374 5
375 7
376 10
377 7
378 5
379 7
380 6
381 1
382 6
383 2
384 16
385 3
386 5
387 3
388 6
389 4
390 7
391 4
392 10
393 4
394 7
395 5
396 8
397 5
398 7
399 5
400 0
401 5
402 2
403 6
404 2
405 6
406 3
407 7
408 4
409 7
410 4
411 6
412 4
413 7
414 5
415 7
416 4
417 7
418 5
419 8
420 6
421 1
422 6
423 2
424 6
425 3
426 6
427 3
428 10
429 4
430 7
431 4
432 8
433 4
434 7
435 5
436 6
437 5
438 7
439 5
440 8
441 5
442 1
443 6
444 2
445 6
446 3
447 7
448 8
449 7
450 3
451 6
452 4
453 7
454 5
455 7
456 10
457 7
458 5
459 8
460 6
461 9
462 6
463 1
464 8
465 2
466 5
467 3
468 6
469 3
470 7
471 4
472 10
473 4
474 7
475 4
476 8
477 5
478 7
479 5
480 12
481 5
482 8
483 5
484 0
485 6
486 2
487 6
488 2
489 7
490 3
491 7
492 4
493 6
494 4
495 7
496 4
497 7
498 5
499 7
500 4
501 8
502 5
503 9
504 6
505 7
506 6
507 1
508 6
509 2
510 6
511 3
512 16
513 3
514 7
515 4
516 8
517 4
518 7
519 4
520 6
521 5
522 7
523 5
524 8
525 5
526 9
527 5
528 8
529 6
530 1
531 6
532 2
533 7
534 3
535 7
536 10
537 6
538 3
539 7
540 4
541 7
542 5
543 7
544 12
545 8
546 5
547 9
548 6
549 7
550 6
551 8
552 10
553 1
554 5
555 2
556 6
557 3
558 7
559 3
560 12
561 4
562 7
563 4
564 8
565 4
566 7
567 5
568 12
569 5
570 8
571 5
572 8
573 5
574 9
575 6
576 0
577 6
578 2
579 7
580 2
581 7
582 3
583 6
584 4
585 7
586 4
587 7
588 4
589 7
590 5
591 8
592 4
593 9
594 5
595 7
596 6
597 8
598 6
599 8
600 6
601 1
602 6
603 2
604 10
605 3
606 7
607 3
608 8
609 4
610 7
611 4
612 6
613 4
614 7
615 5
616 8
617 5
618 9
619 5
620 8
621 5
622 9
623 6
624 8
625 6
626 1
627 7
628 2
629 7
630 3
631 6
632 10
633 7
634 3
635 7
636 4
637 7
638 5
639 8
640 8
641 9
642 5
643 7
644 6
645 8
646 6
647 8
648 10
649 9
650 5
651 1
652 6
653 2
654 7
655 3
656 12
657 3
658 7
659 4
660 8
661 4
662 7
663 4
664 12
665 5
666 8
667 5
668 8
669 5
670 9
671 5
672 12
673 6
674 7
675 6
676 0
677 7
678 2
679 7
680 2
681 6
682 3
683 7
684 4
685 7
686 4
687 7
688 4
689 8
690 5
691 9
692 4
693 7
694 5
695 8
696 6
697 8
698 6
699 9
700 6
701 9
702 6
703 1
704 16
705 2
706 7
707 3
708 8
709 3
710 7
711 4
712 6
713 4
714 7
715 4
716 8
717 5
718 9
719 5
720 8
721 5
722 9
723 5
724 8
725 6
726 8
727 6
728 10
729 7
730 1
731 7
732 2
733 6
734 3
735 7
736 16
737 7
738 3
739 7
740 4
741 8
742 5
743 9
744 10
745 7
746 5
747 8
748 6
749 8
750 6
751 9
752 12
753 9
754 5
755 9
756 6
757 1
758 7
759 2
760 12
761 3
762 7
763 3
764 8
765 4
766 7
767 4
768 16
769 4
770 8
771 5
772 8
773 5
774 9
775 5
776 10
777 5
778 7
779 6
780 8
781 6
782 9
783 7
784 0
785 7
786 2
787 6
788 2
789 7
790 3
791 7
792 4
793 7
794 4
795 8
796 4
797 9
798 5
799 7
800 4
801 8
802 5
803 8
804 6
805 9
806 6
807 9
808 6
809 9
810 6
811 9
812 10
813 1
814 7
815 2
816 8
817 3
818 7
819 3
820 6
821 4
822 7
823 4
824 8
825 4
826 9
827 5
828 8
829 5
830 9
831 5
832 8
833 5
834 8
835 6
836 10
837 6
838 9
839 7
840 10
841 7
842 1
843 6
844 2
845 7
846 3
847 7
848 8
849 7
850 3
851 8
852 4
853 9
854 5
855 7
856 10
857 8
858 5
859 8
860 6
861 9
862 6
863 9
864 12
865 9
866 5
867 9
868 6
869 8
870 7
871 1
872 12
873 2
874 7
875 3
876 8
877 3
878 7
879 4
880 12
881 4
882 8
883 4
884 8
885 5
886 9
887 5
888 12
889 5
890 7
891 5
892 8
893 6
894 9
895 6
896 24
897 7
898 9
899 7
900 0
901 6
902 2
903 7
904 2
905 7
906 3
907 7
908 4
909 8
910 4
911 9
912 4
913 7
914 5
915 8
916 4
917 8
918 5
919 9
920 6
921 9
922 6
923 9
924 6
925 9
926 6
927 8
928 12
929 9
930 7
931 1
932 8
933 2
934 7
935 3
936 6
937 3
938 7
939 4
940 8
941 4
942 9
943 4
944 8
945 5
946 9
947 5
948 8
949 5
950 8
951 5
952 10
953 6
954 9
955 6
956 10
957 7
958 10
959 7
960 16
961 6
962 1
963 7
964 2
965 7
966 3
967 7
968 10
969 8
970 3
971 9
972 4
973 7
974 5
975 8
976 12
977 8
978 5
979 9
980 6
981 9
982 6
983 9
984 12
985 9
986 5
987 8
988 6
989 9
990 7
991 9
992 20
993 1
994 7
995 2
996 8
997 3
998 7
999 3
1000 10
1001 4
1002 8
1003 4
1004 8
1005 4
1006 9
1007 5
1008 12
1009 5
1010 7
1011 5
1012 8
1013 5
1014 9
1015 6
1016 14
1017 6
1018 9
1019 7
1020 10
1021 7
1022 10
1023 6
1024 0
1025 7
1026 2
1027 7
1028 2
1029 7
1030 3
1031 8
1032 4
1033 9
1034 4
1035 7
1036 4
1037 8
1038 5
1039 8
1040 4
1041 9
1042 5
1043 9
1044 6
1045 9
1046 6
1047 9
1048 6
1049 8
1050 6
1051 9
1052 12
1053 9
1054 7
1055 10
1056 8
1057 1
1058 7
1059 2
1060 6
1061 3
1062 7
1063 3
1064 8
1065 4
1066 9
1067 4
1068 8
1069 4
1070 9
1071 5
1072 8
1073 5
1074 8
1075 5
1076 10
1077 5
1078 9
1079 6
1080 10
1081 6
1082 10
1083 7
1084 12
1085 7
1086 10
1087 6
1088 8
1089 7
1090 1
1091 7
1092 2
1093 7
1094 3
1095 8
1096 10
1097 9
1098 3
1099 7
1100 4
1101 8
1102 5
1103 8
1104 12
1105 9
1106 5
1107 9
1108 6
1109 9
1110 6
1111 9
1112 12
1113 8
1114 5
1115 9
1116 6
1117 9
1118 7
1119 10
1120 12
1121 10
1122 7
1123 1
1124 8
1125 2
1126 7
1127 3
1128 12
1129 3
1130 8
1131 4
1132 8
1133 4
1134 9
1135 4
1136 20
1137 5
1138 7
1139 5
1140 8
1141 5
1142 9
1143 5
1144 14
1145 6
1146 9
1147 6
1148 10
1149 7
1150 10
1151 7
1152 16
1153 6
1154 9
1155 7
1156 0
1157 7
1158 2
1159 7
1160 2
1161 8
1162 3
1163 9
1164 4
1165 7
1166 4
1167 8
1168 4
1169 8
1170 5
1171 9
1172 4
1173 9
1174 5
1175 9
1176 6
1177 9
1178 6
1179 8
1180 6
1181 9
1182 6
1183 9
1184 16
1185 10
1186 7
1187 10
1188 8
1189 10
1190 7
1191 1
1192 6
1193 2
1194 7
1195 3
1196 8
1197 3
1198 9
1199 4
1200 8
1201 4
1202 9
1203 4
1204 8
1205 5
1206 8
1207 5
1208 10
1209 5
1210 9
1211 5
1212 10
1213 6
1214 10
1215 6
1216 16
1217 7
1218 10
1219 7
1220 8
1221 6
1222 9
1223 7
1224 10
1225 7
1226 1
1227 7
1228 2
1229 8
1230 3
1231 9
1232 12
1233 7
1234 3
1235 8
1236 4
1237 8
1238 5
1239 9
1240 12
1241 9
1242 5
1243 9
1244 6
1245 9
1246 6
1247 8
1248 20
1249 9
1250 5
1251 9
1252 6
1253 10
1254 7
1255 10
1256 10
1257 10
1258 7
1259 10
1260 8
1261 1
1262 7
1263 2
1264 12
1265 3
1266 8
1267 3
1268 8
1269 4
1270 9
1271 4
1272 14
1273 4
1274 7
1275 5
1276 8
1277 5
1278 9
1279 5
1280 16
1281 5
1282 9
1283 6
1284 10
1285 6
1286 10
1287 7
1288 14
1289 7
1290 9
1291 6
1292 10
1293 7
1294 10
1295 7
1296 0
1297 7
1298 2
1299 8
1300 2
1301 9
1302 3
1303 7
1304 4
1305 8
1306 4
1307 8
1308 4
1309 9
1310 5
1311 9
1312 4
1313 9
1314 5
1315 9
1316 6
1317 8
1318 6
1319 9
1320 6
1321 9
1322 6
1323 10
1324 12
1325 10
1326 7
1327 10
1328 8
1329 10
1330 7
1331 10
1332 6
1333 1
1334 7
1335 2
1336 8
1337 3
1338 9
1339 3
1340 8
1341 4
1342 9
1343 4
1344 8
1345 4
1346 8
1347 5
1348 10
1349 5
1350 9
1351 5
1352 10
1353 5
1354 10
1355 6
1356 14
1357 6
1358 10
1359 7
1360 8
1361 7
1362 9
1363 6
1364 10
1365 7
1366 11
1367 7
1368 10
1369 7
1370 1
1371 8
1372 2
1373 9
1374 3
1375 7
1376 12
1377 8
1378 3
1379 8
1380 4
1381 9
1382 5
1383 9
1384 12
1385 9
1386 5
1387 9
1388 6
1389 8
1390 6
1391 9
1392 12
1393 9
1394 5
1395 10
1396 6
1397 10
1398 7
1399 10
1400 12
1401 10
1402 7
1403 10
1404 8
1405 9
1406 7
1407 1
1408 24
1409 2
1410 8
1411 3
1412 8
1413 3
1414 9
1415 4
1416 14
1417 4
1418 7
1419 4
1420 8
1421 5
1422 9
1423 5
1424 16
1425 5
1426 9
1427 5
1428 10
1429 6
1430 10
1431 6
1432 14
1433 7
1434 9
1435 7
1436 10
1437 6
1438 10
1439 7
1440 12
1441 7
1442 11
1443 7
1444 0
1445 8
1446 2
1447 9
1448 2
1449 7
1450 3
1451 8
1452 4
1453 8
1454 4
1455 9
1456 4
1457 9
1458 5
1459 9
1460 4
1461 9
1462 5
1463 8
1464 6
1465 9
1466 6
1467 9
1468 6
1469 10
1470 6
1471 10
1472 16
1473 10
1474 7
1475 10
1476 8
1477 10
1478 7
1479 9
1480 6
1481 10
1482 7
1483 1
1484 8
1485 2
1486 9
1487 3
1488 8
1489 3
1490 9
1491 4
1492 8
1493 4
1494 8
1495 4
1496 10
1497 5
1498 9
1499 5
1500 10
1501 5
1502 10
1503 5
1504 20
1505 6
1506 10
1507 6
1508 8
1509 7
1510 9
1511 7
1512 10
1513 6
1514 11
1515 7
1516 10
1517 7
1518 11
1519 7
1520 12
1521 8
1522 1
1523 9
1524 2
1525 7
1526 3
1527 8
1528 12
1529 8
1530 3
1531 9
1532 4
1533 9
1534 5
1535 9
1536 32
1537 9
1538 5
1539 8
1540 6
1541 9
1542 6
1543 9
1544 10
1545 10
1546 5
1547 10
1548 6
1549 10
1550 7
1551 10
1552 12
1553 10
1554 7
1555 9
1556 8
1557 10
1558 7
1559 10
1560 14
1561 1
1562 8
1563 2
1564 8
1565 3
1566 9
1567 3
1568 20
1569 4
1570 7
1571 4
1572 8
1573 4
1574 9
1575 5
1576 14
1577 5
1578 9
1579 5
1580 10
1581 5
1582 10
1583 6
1584 16
1585 6
1586 9
1587 7
1588 10
1589 7
1590 10
1591 6
1592 14
1593 7
1594 11
1595 7
1596 10
1597 7
1598 11
1599 8
1600 0
1601 9
1602 2
1603 7
1604 2
1605 8
1606 3
1607 8
1608 4
1609 9
1610 4
1611 9
1612 4
1613 9
1614 5
1615 9
1616 4
1617 8
1618 5
1619 9
1620 6
1621 9
1622 6
1623 10
1624 6
1625 10
1626 6
1627 10
1628 14
1629 10
1630 7
1631 10
1632 8
1633 9
1634 7
1635 10
1636 6
1637 10
1638 7
1639 11
1640 8
1641 1
1642 9
1643 2
1644 8
1645 3
1646 9
1647 3
1648 8
1649 4
1650 8
1651 4
1652 10
1653 4
1654 9
1655 5
1656 10
1657 5
1658 10
1659 5
1660 14
1661 5
1662 10
1663 6
1664 8
1665 6
1666 9
1667 7
1668 10
1669 7
1670 11
1671 6
1672 10
1673 7
1674 11
1675 7
1676 12
1677 7
1678 12
1679 8
1680 12
1681 9
1682 1
1683 7
1684 2
1685 8
1686 3
1687 8
1688 12
1689 9
1690 3
1691 9
1692 4
1693 9
1694 5
1695 9
1696 12
1697 8
1698 5
1699 9
1700 6
1701 9
1702 6
1703 10
1704 12
1705 10
1706 5
1707 10
1708 6
1709 10
1710 7
1711 10
1712 20
1713 9
1714 7
1715 10
1716 8
1717 10
1718 7
1719 11
1720 14
1721 11
1722 8
1723 1
1724 8
1725 2
1726 9
1727 3
1728 16
1729 3
1730 7
1731 4
1732 8
1733 4
1734 9
1735 4
1736 14
1737 5
1738 9
1739 5
1740 10
1741 5
1742 10
1743 5
1744 12
1745 6
1746 9
1747 6
1748 10
1749 7
1750 10
1751 7
1752 14
1753 6
1754 11
1755 7
1756 10
1757 7
1758 11
1759 7
1760 16
1761 8
1762 9
1763 9
1764 0
1765 7
1766 2
1767 8
1768 2
1769 8
1770 3
1771 9
1772 4
1773 9
1774 4
1775 9
1776 4
1777 9
1778 5
1779 8
1780 4
1781 9
1782 5
1783 9
1784 6
1785 10
1786 6
1787 10
1788 6
1789 10
1790 6
1791 10
1792 16
1793 10
1794 7
1795 9
1796 8
1797 10
1798 7
1799 10
1800 6
1801 11
1802 7
1803 11
1804 8
1805 11
1806 9
1807 1
1808 8
1809 2
1810 9
1811 3
1812 8
1813 3
1814 8
1815 4
1816 10
1817 4
1818 9
1819 4
1820 10
1821 5
1822 10
1823 5
1824 20
1825 5
1826 10
1827 5
1828 8
1829 6
1830 9
1831 6
1832 10
1833 7
1834 11
1835 7
1836 10
1837 6
1838 11
1839 7
1840 12
1841 7
1842 12
1843 7
1844 12
1845 8
1846 10
1847 9
1848 12
1849 7
1850 1
1851 8
1852 2
1853 8
1854 3
1855 9
1856 16
1857 9
1858 3
1859 9
1860 4
1861 9
1862 5
1863 8
1864 10
1865 9
1866 5
1867 9
1868 6
1869 10
1870 6
1871 10
1872 12
1873 10
1874 5
1875 10
1876 6
1877 10
1878 7
1879 9
1880 14
1881 10
1882 7
1883 10
1884 8
1885 11
1886 7
1887 11
1888 20
1889 11
1890 8
1891 11
1892 8
1893 1
1894 9
1895 2
1896 14
1897 3
1898 7
1899 3
1900 8
1901 4
1902 9
1903 4
1904 16
1905 4
1906 9
1907 5
1908 10
1909 5
1910 10
1911 5
1912 14
1913 5
1914 9
1915 6
1916 10
1917 6
1918 10
1919 7
1920 24
1921 7
1922 11
1923 6
1924 10
1925 7
1926 11
1927 7
1928 16
1929 7
1930 9
1931 8
1932 10
1933 9
1934 11
1935 7
1936 0
1937 8
1938 2
1939 8
1940 2
1941 9
1942 3
1943 9
1944 4
1945 9
1946 4
1947 9
1948 4
1949 8
1950 5
1951 9
1952 4
1953 9
1954 5
1955 10
1956 6
1957 10
1958 6
1959 10
1960 6
1961 10
1962 6
1963 10
1964 14
1965 9
1966 7
1967 10
1968 8
1969 10
1970 7
1971 11
1972 6
1973 11
1974 7
1975 11
1976 8
1977 11
1978 9
1979 12
1980 8
1981 1
1982 9
1983 2
1984 8
1985 3
1986 8
1987 3
1988 10
1989 4
1990 9
1991 4
1992 10
1993 4
1994 10
1995 5
1996 14
1997 5
1998 10
1999 5
2000 8
2001 5
2002 9
2003 6
2004 10
2005 6
2006 11
2007 7
2008 10
2009 7
2010 11
2011 6
2012 12
2013 7
2014 12
2015 7
2016 12
2017 7
2018 10
2019 8
2020 12
2021 9
2022 11
2023 7
2024 12
2025 8
2026 1
2027 8
2028 2
2029 9
2030 3
2031 9
2032 12
2033 9
2034 3
2035 9
2036 4
2037 8
2038 5
2039 9
2040 12
2041 9
2042 5
2043 10
2044 6
2045 10
2046 6
2047 10
2048 32
2049 10
2050 5
2051 10
2052 6
2053 9
2054 7
2055 10
2056 14
2057 10
2058 7
2059 11
2060 8
2061 11
2062 7
2063 11
2064 16
2065 11
2066 8
2067 12
2068 8
2069 12
2070 9
2071 1
2072 14
2073 2
2074 7
2075 3
2076 8
2077 3
2078 9
2079 4
2080 12
2081 4
2082 9
2083 4
2084 10
2085 5
2086 10
2087 5
2088 14
2089 5
2090 9
2091 5
2092 10
2093 6
2094 10
2095 6
2096 16
2097 7
2098 11
2099 7
2100 10
2101 6
2102 11
2103 7
2104 18
2105 7
2106 9
2107 7
2108 10
2109 8
2110 11
2111 9
2112 16
2113 7
2114 11
2115 8
2116 0
2117 8
2118 2
2119 9
2120 2
2121 9
2122 3
2123 9
2124 4
2125 9
2126 4
2127 8
2128 4
2129 9
2130 5
2131 9
2132 4
2133 10
2134 5
2135 10
2136 6
2137 10
2138 6
2139 10
2140 6
2141 10
2142 6
2143 9
2144 20
2145 10
2146 7
2147 10
2148 8
2149 11
2150 7
2151 11
2152 6
2153 11
2154 7
2155 11
2156 8
2157 12
2158 9
2159 12
2160 8
2161 10
2162 9
2163 1
2164 8
2165 2
2166 8
2167 3
2168 10
2169 3
2170 9
2171 4
2172 10
2173 4
2174 10
2175 4
2176 24
2177 5
2178 10
2179 5
2180 8
2181 5
2182 9
2183 5
2184 10
2185 6
2186 11
2187 6
2188 10
2189 7
2190 11
2191 7
2192 12
2193 6
2194 12
2195 7
2196 12
2197 7
2198 10
2199 7
2200 12
2201 8
2202 11
2203 9
2204 12
2205 7
2206 12
2207 8
2208 20
2209 8
2210 1
2211 9
2212 2
2213 9
2214 3
2215 9
2216 10
2217 9
2218 3
2219 8
2220 4
2221 9
2222 5
2223 9
2224 12
2225 10
2226 5
2227 10
2228 6
2229 10
2230 6
2231 10
2232 14
2233 10
2234 5
2235 9
2236 6
2237 10
2238 7
2239 10
2240 24
2241 11
2242 7
2243 11
2244 8
2245 11
2246 7
2247 11
2248 14
2249 12
2250 8
2251 12
2252 8
2253 10
2254 9
2255 11
2256 16
2257 1
2258 7
2259 2
2260 8
2261 3
2262 9
2263 3
2264 14
2265 4
2266 9
2267 4
2268 10
2269 4
2270 10
2271 5
2272 24
2273 5
2274 9
2275 5
2276 10
2277 5
2278 10
2279 6
2280 16
2281 6
2282 11
2283 7
2284 10
2285 7
2286 11
2287 6
2288 16
2289 7
2290 9
2291 7
2292 10
2293 7
2294 11
2295 8
2296 18
2297 9
2298 11
2299 7
2300 12
2301 8
2302 13
2303 8
2304 0
2305 9
2306 2
2307 9
2308 2
2309 9
2310 3
2311 9
2312 4
2313 8
2314 4
2315 9
2316 4
2317 9
2318 5
2319 10
2320 4
2321 10
2322 5
2323 10
2324 6
2325 10
2326 6
2327 10
2328 6
2329 9
2330 6
2331 10
2332 12
2333 10
2334 7
2335 11
2336 8
2337 11
2338 7
2339 11
2340 6
2341 11
2342 7
2343 12
2344 8
2345 12
2346 9
2347 10
2348 8
2349 11
2350 9
2351 11
2352 8
2353 1
2354 8
2355 2
2356 10
2357 3
2358 9
2359 3
2360 10
2361 4
2362 10
2363 4
2364 16
2365 4
2366 10
2367 5
2368 8
2369 5
2370 9
2371 5
2372 10
2373 5
2374 11
2375 6
2376 10
2377 6
2378 11
2379 7
2380 12
2381 7
2382 12
2383 6
2384 12
2385 7
2386 10
2387 7
2388 12
2389 7
2390 11
2391 8
2392 12
2393 9
2394 12
2395 7
2396 16
2397 8
2398 12
2399 8
2400 12
2401 9
2402 1
2403 9
2404 2
2405 9
2406 3
2407 9
2408 12
2409 8
2410 3
2411 9
2412 4
2413 9
2414 5
2415 10
2416 20
2417 10
2418 5
2419 10
2420 6
2421 10
2422 6
2423 10
2424 14
2425 9
2426 5
2427 10
2428 6
2429 10
2430 7
2431 11
2432 16
2433 11
2434 7
2435 11
2436 8
2437 11
2438 7
2439 12
2440 14
2441 12
2442 8
2443 10
2444 8
2445 11
2446 9
2447 11
2448 12
2449 12
2450 7
2451 1
2452 8
2453 2
2454 9
2455 3
2456 14
2457 3
2458 9
2459 4
2460 10
2461 4
2462 10
2463 4
2464 16
2465 5
2466 9
2467 5
2468 10
2469 5
2470 10
2471 5
2472 18
2473 6
2474 11
2475 6
2476 10
2477 7
2478 11
2479 7
2480 16
2481 6
2482 9
2483 7
2484 10
2485 7
2486 11
2487 7
2488 18
2489 8
2490 11
2491 9
2492 12
2493 7
2494 13
2495 8
2496 16
2497 8
2498 12
2499 9
2500 0
2501 9
2502 2
2503 9
2504 2
2505 9
2506 3
2507 8
2508 4
2509 9
2510 4
2511 9
2512 4
2513 10
2514 5
2515 10
2516 4
2517 10
2518 5
2519 10
2520 6
2521 10
2522 6
2523 9
2524 6
2525 10
2526 6
2527 10
2528 20
2529 11
2530 7
2531 11
2532 8
2533 11
2534 7
2535 11
2536 6
2537 12
2538 7
2539 12
2540 8
2541 10
2542 9
2543 11
2544 8
2545 11
2546 9
2547 12
2548 8
2549 12
2550 8
2551 1
2552 10
2553 2
2554 9
2555 3
2556 10
2557 3
2558 10
2559 4
2560 16
2561 4
2562 10
2563 4
2564 8
2565 5
2566 9
2567 5
2568 10
2569 5
2570 11
2571 5
2572 10
2573 6
2574 11
2575 6
2576 12
2577 7
2578 12
2579 7
2580 12
2581 6
2582 10
2583 7
2584 12
2585 7
2586 11
2587 7
2588 12
2589 8
2590 12
2591 9
2592 20
2593 7
2594 12
2595 8
2596 12
2597 8
2598 13
2599 9
2600 10
2601 9
2602 1
2603 9
2604 2
2605 9
2606 3
2607 8
2608 12
2609 9
2610 3
2611 9
2612 4
2613 10
2614 5
2615 10
2616 14
2617 10
2618 5
2619 10
2620 6
2621 10
2622 6
2623 9
2624 24
2625 10
2626 5
2627 10
2628 6
2629 11
2630 7
2631 11
2632 14
2633 11
2634 7
2635 11
2636 8
2637 12
2638 7
2639 12
2640 16
2641 10
2642 8
2643 11
2644 8
2645 11
2646 9
2647 12
2648 14
2649 12
2650 7
2651 14
2652 8
2653 1
2654 9
2655 2
2656 24
2657 3
2658 9
2659 3
2660 10
2661 4
2662 10
2663 4
2664 16
2665 4
2666 9
2667 5
2668 10
2669 5
2670 10
2671 5
2672 16
2673 5
2674 11
2675 6
2676 10
2677 6
2678 11
2679 7
2680 18
2681 7
2682 9
2683 6
2684 10
2685 7
2686 11
2687 7
2688 24
2689 7
2690 11
2691 8
2692 12
2693 9
2694 13
2695 7
2696 14
2697 8
2698 12
2699 8
2700 12
2701 9
2702 11
2703 9
2704 0
2705 9
2706 2
2707 9
2708 2
2709 8
2710 3
2711 9
2712 4
2713 9
2714 4
2715 10
2716 4
2717 10
2718 5
2719 10
2720 4
2721 10
2722 5
2723 10
2724 6
2725 9
2726 6
2727 10
2728 6
2729 10
2730 6
2731 11
2732 14
2733 11
2734 7
2735 11
2736 8
2737 11
2738 7
2739 12
2740 6
2741 12
2742 7
2743 10
2744 8
2745 11
2746 9
2747 11
2748 8
2749 12
2750 9
2751 12
2752 8
2753 14
2754 8
2755 12
2756 10
2757 1
2758 9
2759 2
2760 10
2761 3
2762 10
2763 3
2764 18
2765 4
2766 10
2767 4
2768 8
2769 4
2770 9
2771 5
2772 10
2773 5
2774 11
2775 5
2776 10
2777 5
2778 11
2779 6
2780 12
2781 6
2782 12
2783 7
2784 12
2785 7
2786 10
2787 6
2788 12
2789 7
2790 11
2791 7
2792 12
2793 7
2794 12
2795 8
2796 18
2797 9
2798 12
2799 7
2800 12
2801 8
2802 13
2803 8
2804 10
2805 9
2806 11
2807 9
2808 12
2809 9
2810 1
2811 9
2812 2
2813 8
2814 3
2815 9
2816 32
2817 9
2818 3
2819 10
2820 4
2821 10
2822 5
2823 10
2824 14
2825 10
2826 5
2827 10
2828 6
2829 9
2830 6
2831 10
2832 16
2833 10
2834 5
2835 11
2836 6
2837 11
2838 7
2839 11
2840 14
2841 11
2842 7
2843 12
2844 8
2845 12
2846 7
2847 10
2848 12
2849 11
2850 8
2851 11
2852 8
2853 12
2854 9
2855 12
2856 14
2857 14
2858 7
2859 12
2860 8
2861 13
2862 9
2863 1
2864 16
2865 2
2866 9
2867 3
2868 10
2869 3
2870 10
2871 4
2872 18
2873 4
2874 9
2875 4
2876 10
2877 5
2878 10
2879 5
2880 16
2881 5
2882 11
2883 5
2884 10
2885 6
2886 11
2887 6
2888 18
2889 7
2890 9
2891 7
2892 10
2893 6
2894 11
2895 7
2896 16
2897 7
2898 11
2899 7
2900 12
2901 8
2902 13
2903 9
2904 16
2905 7
2906 12
2907 8
2908 12
2909 8
2910 11
2911 9
2912 20
2913 9
2914 12
2915 9
2916 0
2917 9
2918 2
2919 8
2920 2
2921 9
2922 3
2923 9
2924 4
2925 10
2926 4
2927 10
2928 4
2929 10
2930 5
2931 10
2932 4
2933 10
2934 5
2935 9
2936 6
2937 10
2938 6
2939 10
2940 6
2941 11
2942 6
2943 11
2944 32
2945 11
2946 7
2947 11
2948 8
2949 12
2950 7
2951 12
2952 6
2953 10
2954 7
2955 11
2956 8
2957 11
2958 9
2959 12
2960 8
2961 12
2962 9
2963 14
2964 8
2965 12
2966 8
2967 13
2968 10
2969 13
2970 9
2971 1
2972 10
2973 2
2974 10
2975 3
2976 20
2977 3
2978 10
2979 4
2980 8
2981 4
2982 9
2983 4
2984 10
2985 5
2986 11
2987 5
2988 10
2989 5
2990 11
2991 5
2992 12
2993 6
2994 12
2995 6
2996 12
2997 7
2998 10
2999 7
3000 12
3001 6
3002 11
3003 7
3004 12
3005 7
3006 12
3007 7
3008 24
3009 8
3010 12
3011 9
3012 12
3013 7
3014 13
3015 8
3016 10
3017 8
3018 11
3019 9
3020 12
3021 9
3022 13
3023 9
3024 12
3025 9
3026 1
3027 8
3028 2
3029 9
3030 3
3031 9
3032 14
3033 10
3034 3
3035 10
3036 4
3037 10
3038 5
3039 10
3040 24
3041 10
3042 5
3043 9
3044 6
3045 10
3046 6
3047 10
3048 14
3049 11
3050 5
3051 11
3052 6
3053 11
3054 7
3055 11
3056 16
3057 12
3058 7
3059 12
3060 8
3061 10
3062 7
3063 11
3064 14
3065 11
3066 8
3067 12
3068 8
3069 12
3070 9
3071 14
3072 32
3073 12
3074 7
3075 13
3076 8
3077 13
3078 9
3079 13
3080 16
3081 1
3082 9
3083 2
3084 10
3085 3
3086 10
3087 3
3088 16
3089 4
3090 9
3091 4
3092 10
3093 4
3094 10
3095 5
3096 18
3097 5
3098 11
3099 5
3100 10
3101 5
3102 11
3103 6
3104 20
3105 6
3106 9
3107 7
3108 10
3109 7
3110 11
3111 6
3112 14
3113 7
3114 11
3115 7
3116 12
3117 7
3118 13
3119 8
3120 16
3121 9
3122 12
3123 7
3124 12
3125 8
3126 11
3127 8
3128 18
3129 9
3130 12
3131 9
3132 14
3133 9
3134 13
3135 9
3136 0
3137 8
3138 2
3139 9
3140 2
3141 9
3142 3
3143 10
3144 4
3145 10
3146 4
3147 10
3148 4
3149 10
3150 5
3151 10
3152 4
3153 9
3154 5
3155 10
3156 6
3157 10
3158 6
3159 11
3160 6
3161 11
3162 6
3163 11
3164 14
3165 11
3166 7
3167 12
3168 8
3169 12
3170 7
3171 10
3172 6
3173 11
3174 7
3175 11
3176 8
3177 12
3178 9
3179 12
3180 8
3181 14
3182 9
3183 12
3184 8
3185 13
3186 8
3187 13
3188 10
3189 13
3190 9
3191 11
3192 10
3193 1
3194 10
3195 2
3196 14
3197 3
3198 10
3199 3
3200 8
3201 4
3202 9
3203 4
3204 10
3205 4
3206 11
3207 5
3208 10
3209 5
3210 11
3211 5
3212 12
3213 5
3214 12
3215 6
3216 12
3217 6
3218 10
3219 7
3220 12
3221 7
3222 11
3223 6
3224 12
3225 7
3226 12
3227 7
3228 18
3229 7
3230 12
3231 8
3232 12
3233 9
3234 13
3235 7
3236 10
3237 8
3238 11
3239 8
3240 12
3241 9
3242 13
3243 9
3244 12
3245 9
3246 13
3247 9
3248 20
3249 8
3250 1
3251 9
3252 2
3253 9
3254 3
3255 10
3256 14
3257 10
3258 3
3259 10
3260 4
3261 10
3262 5
3263 10
3264 16
3265 9
3266 5
3267 10
3268 6
3269 10
3270 6
3271 11
3272 14
3273 11
3274 5
3275 11
3276 6
3277 11
3278 7
3279 12
3280 12
3281 12
3282 7
3283 10
3284 8
3285 11
3286 7
3287 11
3288 14
3289 12
3290 8
3291 12
3292 8
3293 14
3294 9
3295 12
3296 16
3297 13
3298 7
3299 13
3300 8
3301 13
3302 9
3303 11
3304 18
3305 12
3306 9
3307 1
3308 10
3309 2
3310 10
3311 3
3312 16
3313 3
3314 9
3315 4
3316 10
3317 4
3318 10
3319 4
3320 18
3321 5
3322 11
3323 5
3324 10
3325 5
3326 11
3327 5
3328 16
3329 6
3330 9
3331 6
3332 10
3333 7
3334 11
3335 7
3336 16
3337 6
3338 11
3339 7
3340 12
3341 7
3342 13
3343 7
3344 20
3345 8
3346 12
3347 9
3348 12
3349 7
3350 11
3351 8
3352 18
3353 8
3354 12
3355 9
3356 14
3357 9
3358 13
3359 9
3360 20
3361 9
3362 13
3363 8
3364 0
3365 9
3366 2
3367 9
3368 2
3369 10
3370 3
3371 10
3372 4
3373 10
3374 4
3375 10
3376 4
3377 10
3378 5
3379 9
3380 4
3381 10
3382 5
3383 10
3384 6
3385 11
3386 6
3387 11
3388 6
3389 11
3390 6
3391 11
3392 16
3393 12
3394 7
3395 12
3396 8
3397 10
3398 7
3399 11
3400 6
3401 11
3402 7
3403 12
3404 8
3405 12
3406 9
3407 14
3408 8
3409 12
3410 9
3411 13
3412 8
3413 13
3414 8
3415 13
3416 10
3417 11
3418 9
3419 12
3420 10
3421 12
3422 10
3423 1
3424 20
3425 2
3426 10
3427 3
3428 8
3429 3
3430 9
3431 4
3432 10
3433 4
3434 11
3435 4
3436 10
3437 5
3438 11
3439 5
3440 12
3441 5
3442 12
3443 5
3444 12
3445 6
3446 10
3447 6
3448 12
3449 7
3450 11
3451 7
3452 12
3453 6
3454 12
3455 7
3456 24
3457 7
3458 12
3459 7
3460 12
3461 8
3462 13
3463 9
3464 10
3465 7
3466 11
3467 8
3468 12
3469 8
3470 13
3471 9
3472 12
3473 9
3474 13
3475 9
3476 16
3477 9
3478 13
3479 8
3480 14
3481 9
3482 1
3483 9
3484 2
3485 10
3486 3
3487 10
3488 24
3489 10
3490 3
3491 10
3492 4
3493 10
3494 5
3495 9
3496 14
3497 10
3498 5
3499 10
3500 6
3501 11
3502 6
3503 11
3504 16
3505 11
3506 5
3507 11
3508 6
3509 12
3510 7
3511 12
3512 14
3513 10
3514 7
3515 11
3516 8
3517 11
3518 7
3519 12
3520 24
3521 12
3522 8
3523 14
3524 8
3525 12
3526 9
3527 13
3528 16
3529 13
3530 7
3531 13
3532 8
3533 11
3534 9
3535 12
3536 16
3537 12
3538 9
3539 13
3540 10
3541 1
3542 10
3543 2
3544 18
3545 3
3546 9
3547 3
3548 10
3549 4
3550 10
3551 4
3552 24
3553 4
3554 11
3555 5
3556 10
3557 5
3558 11
3559 5
3560 14
3561 5
3562 9
3563 6
3564 10
3565 6
3566 11
3567 7
3568 16
3569 7
3570 11
3571 6
3572 12
3573 7
3574 13
3575 7
3576 18
3577 7
3578 12
3579 8
3580 12
3581 9
3582 11
3583 7
3584 48
3585 8
3586 12
3587 8
3588 14
3589 9
3590 13
3591 9
3592 18
3593 9
3594 13
3595 9
3596 14
3597 8
3598 14
3599 9
3600 0
3601 9
3602 2
3603 10
3604 2
3605 10
3606 3
3607 10
3608 4
3609 10
3610 4
3611 10
3612 4
3613 9
3614 5
3615 10
3616 4
3617 10
3618 5
3619 11
3620 6
3621 11
3622 6
3623 11
3624 6
3625 11
3626 6
3627 12
3628 14
3629 12
3630 7
3631 10
3632 8
3633 11
3634 7
3635 11
3636 6
3637 12
3638 7
3639 12
3640 8
3641 14
3642 9
3643 12
3644 8
3645 13
3646 9
3647 13
3648 8
3649 13
3650 8
3651 11
3652 10
3653 12
3654 9
3655 12
3656 10
3657 13
3658 10
3659 13
3660 16
3661 1
3662 10
3663 2
3664 8
3665 3
3666 9
3667 3
3668 10
3669 4
3670 11
3671 4
3672 10
3673 4
3674 11
3675 5
3676 12
3677 5
3678 12
3679 5
3680 12
3681 5
3682 10
3683 6
3684 12
3685 6
3686 11
3687 7
3688 12
3689 7
3690 12
3691 6
3692 18
3693 7
3694 12
3695 7
3696 12
3697 7
3698 13
3699 8
3700 10
3701 9
3702 11
3703 7
3704 12
3705 8
3706 13
3707 8
3708 12
3709 9
3710 13
3711 9
3712 24
3713 9
3714 13
3715 9
3716 14
3717 8
3718 13
3719 9
3720 14
3721 9
3722 1
3723 10
3724 2
3725 10
3726 3
3727 10
3728 16
3729 10
3730 3
3731 10
3732 4
3733 9
3734 5
3735 10
3736 14
3737 10
3738 5
3739 11
3740 6
3741 11
3742 6
3743 11
3744 12
3745 11
3746 5
3747 12
3748 6
3749 12
3750 7
3751 10
3752 14
3753 11
3754 7
3755 11
3756 8
3757 12
3758 7
3759 12
3760 16
3761 14
3762 8
3763 12
3764 8
3765 13
3766 9
3767 13
3768 18
3769 13
3770 7
3771 11
3772 8
3773 12
3774 9
3775 12
3776 16
3777 13
3778 9
3779 13
3780 10
3781 15
3782 10
3783 1
3784 18
3785 2
3786 9
3787 3
3788 10
3789 3
3790 10
3791 4
3792 16
3793 4
3794 11
3795 4
3796 10
3797 5
3798 11
3799 5
3800 16
3801 5
3802 9
3803 5
3804 10
3805 6
3806 11
3807 6
3808 20
3809 7
3810 11
3811 7
3812 12
3813 6
3814 13
3815 7
3816 18
3817 7
3818 12
3819 7
3820 12
3821 8
3822 11
3823 9
3824 20
3825 7
3826 12
3827 8
3828 14
3829 8
3830 13
3831 9
3832 20
3833 9
3834 13
3835 9
3836 14
3837 9
3838 14
3839 8
3840 32
3841 9
3842 11
3843 9
3844 0
3845 10
3846 2
3847 10
3848 2
3849 10
3850 3
3851 10
3852 4
3853 10
3854 4
3855 9
3856 4
3857 10
3858 5
3859 10
3860 4
3861 11
3862 5
3863 11
3864 6
3865 11
3866 6
3867 11
3868 6
3869 12
3870 6
3871 12
3872 20
3873 10
3874 7
3875 11
3876 8
3877 11
3878 7
3879 12
3880 6
3881 12
3882 7
3883 14
3884 8
3885 12
3886 9
3887 13
3888 8
3889 13
3890 9
3891 13
3892 8
3893 11
3894 8
3895 12
3896 10
3897 12
3898 9
3899 13
3900 10
3901 13
3902 10
3903 15
3904 24
3905 13
3906 10
3907 1
3908 8
3909 2
3910 9
3911 3
3912 10
3913 3
3914 11
3915 4
3916 10
3917 4
3918 11
3919 4
3920 12
3921 5
3922 12
3923 5
3924 12
3925 5
3926 10
3927 5
3928 12
3929 6
3930 11
3931 6
3932 12
3933 7
3934 12
3935 7
3936 24
3937 6
3938 12
3939 7
3940 12
3941 7
3942 13
3943 7
3944 10
3945 8
3946 11
3947 9
3948 12
3949 7
3950 13
3951 8
3952 12
3953 8
3954 13
3955 9
3956 18
3957 9
3958 13
3959 9
3960 14
3961 9
3962 13
3963 8
3964 14
3965 9
3966 12
3967 9
3968 40
3969 10
3970 1
3971 10
3972 2
3973 10
3974 3
3975 10
3976 14
3977 10
3978 3
3979 9
3980 4
3981 10
3982 5
3983 10
3984 16
3985 11
3986 5
3987 11
3988 6
3989 11
3990 6
3991 11
3992 14
3993 12
3994 5
3995 12
3996 6
3997 10
3998 7
3999 11
4000 20
4001 11
4002 7
4003 12
4004 8
4005 12
4006 7
4007 14
4008 16
4009 12
4010 8
4011 13
4012 8
4013 13
4014 9
4015 13
4016 16
4017 11
4018 7
4019 12
4020 8
4021 12
4022 9
4023 13
4024 18
4025 13
4026 9
4027 15
4028 10
4029 13
4030 10
4031 14
4032 24
4033 1
4034 9
4035 2
4036 10
4037 3
4038 10
4039 3
4040 14
4041 4
4042 11
4043 4
4044 10
4045 4
4046 11
4047 5
4048 16
4049 5
4050 9
4051 5
4052 10
4053 5
4054 11
4055 6
4056 18
4057 6
4058 11
4059 7
4060 12
4061 7
4062 13
4063 6
4064 28
4065 7
4066 12
4067 7
4068 12
4069 7
4070 11
4071 8
4072 18
4073 9
4074 12
4075 7
4076 14
4077 8
4078 13
4079 8
4080 20
4081 9
4082 13
4083 9
4084 14
4085 9
4086 14
4087 9
4088 20
4089 8
4090 11
4091 9
4092 12
4093 9
4094 13
4095 10
4096 0
4097 10
4098 2
4099 10
4100 2
4101 10
4102 3
4103 10
4104 4
4105 9
4106 4
4107 10
4108 4
4109 10
4110 5
4111 11
4112 4
4113 11
4114 5
4115 11
4116 6
4117 11
4118 6
4119 12
4120 6
4121 12
4122 6
4123 10
4124 16
4125 11
4126 7
4127 11
4128 8
4129 12
4130 7
4131 12
4132 6
4133 14
4134 7
4135 12
4136 8
4137 13
4138 9
4139 13
4140 8
4141 13
4142 9
4143 11
4144 8
4145 12
4146 8
4147 12
4148 10
4149 13
4150 9
4151 13
4152 10
4153 15
4154 10
4155 13
4156 16
4157 14
4158 10
4159 13
4160 8
4161 1
4162 9
4163 2
4164 10
4165 3
4166 11
4167 3
4168 10
4169 4
4170 11
4171 4
4172 12
4173 4
4174 12
4175 5
4176 12
4177 5
4178 10
4179 5
4180 12
4181 5
4182 11
4183 6
4184 12
4185 6
4186 12
4187 7
4188 18
4189 7
4190 12
4191 6
4192 12
4193 7
4194 13
4195 7
4196 10
4197 7
4198 11
4199 8
4200 12
4201 9
4202 13
4203 7
4204 12
4205 8
4206 13
4207 8
4208 24
4209 9
4210 13
4211 9
4212 14
4213 9
4214 13
4215 9
4216 14
4217 8
4218 12
4219 9
4220 20
4221 9
4222 13
4223 10
4224 16
4225 10
4226 1
4227 10
4228 2
4229 10
4230 3
4231 10
4232 14
4233 9
4234 3
4235 10
4236 4
4237 10
4238 5
4239 11
4240 12
4241 11
4242 5
4243 11
4244 6
4245 11
4246 6
4247 12
4248 14
4249 12
4250 5
4251 10
4252 6
4253 11
4254 7
4255 11
4256 16
4257 12
4258 7
4259 12
4260 8
4261 14
4262 7
4263 12
4264 18
4265 13
4266 8
4267 13
4268 8
4269 13
4270 9
4271 11
4272 16
4273 12
4274 7
4275 12
4276 8
4277 13
4278 9
4279 13
4280 18
4281 15
4282 9
4283 13
4284 10
4285 14
4286 10
4287 13
4288 16
4289 14
4290 9
4291 1
4292 10
4293 2
4294 10
4295 3
4296 16
4297 3
4298 11
4299 4
4300 10
4301 4
4302 11
4303 4
4304 20
4305 5
4306 9
4307 5
4308 10
4309 5
4310 11
4311 5
4312 18
4313 6
4314 11
4315 6
4316 12
4317 7
4318 13
4319 7
4320 20
4321 6
4322 12
4323 7
4324 12
4325 7
4326 11
4327 7
4328 20
4329 8
4330 12
4331 9
4332 14
4333 7
4334 13
4335 8
4336 24
4337 8
4338 13
4339 9
4340 14
4341 9
4342 14
4343 9
4344 20
4345 9
4346 11
4347 8
4348 12
4349 9
4350 13
4351 9
4352 16
4353 10
4354 13
4355 10
4356 0
4357 10
4358 2
4359 10
4360 2
4361 10
4362 3
4363 9
4364 4
4365 10
4366 4
4367 10
4368 4
4369 11
4370 5
4371 11
4372 4
4373 11
4374 5
4375 11
4376 6
4377 12
4378 6
4379 12
4380 6
4381 10
4382 6
4383 11
4384 20
4385 11
4386 7
4387 12
4388 8
4389 12
4390 7
4391 14
4392 6
4393 12
4394 7
4395 13
4396 8
4397 13
4398 9
4399 13
4400 8
4401 11
4402 9
4403 12
4404 8
4405 12
4406 8
4407 13
4408 10
4409 13
4410 9
4411 15
4412 10
4413 13
4414 10
4415 14
4416 24
4417 13
4418 10
4419 14
4420 8
4421 14
4422 9
4423 1
4424 10
4425 2
4426 11
4427 3
4428 10
4429 3
4430 11
4431 4
4432 12
4433 4
4434 12
4435 4
4436 12
4437 5
4438 10
4439 5
4440 12
4441 5
4442 11
4443 5
4444 12
4445 6
4446 12
4447 6
4448 24
4449 7
4450 12
4451 7
4452 12
4453 6
4454 13
4455 7
4456 10
4457 7
4458 11
4459 7
4460 12
4461 8
4462 13
4463 9
4464 12
4465 7
4466 13
4467 8
4468 18
4469 8
4470 13
4471 9
4472 14
4473 9
4474 13
4475 9
4476 14
4477 9
4478 12
4479 8
4480 24
4481 9
4482 13
4483 9
4484 16
4485 10
4486 14
4487 10
4488 14
4489 10
4490 1
4491 10
4492 2
4493 10
4494 3
4495 9
4496 16
4497 10
4498 3
4499 10
4500 4
4501 11
4502 5
4503 11
4504 14
4505 11
4506 5
4507 11
4508 6
4509 12
4510 6
4511 12
4512 24
4513 10
4514 5
4515 11
4516 6
4517 11
4518 7
4519 12
4520 16
4521 12
4522 7
4523 14
4524 8
4525 12
4526 7
4527 13
4528 16
4529 13
4530 8
4531 13
4532 8
4533 11
4534 9
4535 12
4536 18
4537 12
4538 7
4539 13
4540 8
4541 13
4542 9
4543 15
4544 40
4545 13
4546 9
4547 14
4548 10
4549 13
4550 10
4551 14
4552 14
4553 14
4554 9
4555 12
4556 10
4557 1
4558 10
4559 2
4560 16
4561 3
4562 11
4563 3
4564 10
4565 4
4566 11
4567 4
4568 18
4569 4
4570 9
4571 5
4572 10
4573 5
4574 11
4575 5
4576 28
4577 5
4578 11
4579 6
4580 12
4581 6
4582 13
4583 7
4584 18
4585 7
4586 12
4587 6
4588 12
4589 7
4590 11
4591 7
4592 20
4593 7
4594 12
4595 8
4596 14
4597 9
4598 13
4599 7
4600 20
4601 8
4602 13
4603 8
4604 14
4605 9
4606 14
4607 9
4608 32
4609 9
4610 11
4611 9
4612 12
4613 8
4614 13
4615 9
4616 18
4617 9
4618 13
4619 10
4620 14
4621 10
4622 15
4623 10
4624 0
4625 10
4626 2
4627 10
4628 2
4629 9
4630 3
4631 10
4632 4
4633 10
4634 4
4635 11
4636 4
4637 11
4638 5
4639 11
4640 4
4641 11
4642 5
4643 12
4644 6
4645 12
4646 6
4647 10
4648 6
4649 11
4650 6
4651 11
4652 18
4653 12
4654 7
4655 12
4656 8
4657 14
4658 7
4659 12
4660 6
4661 13
4662 7
4663 13
4664 8
4665 13
4666 9
4667 11
4668 8
4669 12
4670 9
4671 12
4672 8
4673 13
4674 8
4675 13
4676 10
4677 15
4678 9
4679 13
4680 10
4681 14
4682 10
4683 13
4684 18
4685 14
4686 10
4687 14
4688 8
4689 12
4690 9
4691 13
4692 10
4693 1
4694 11
4695 2
4696 10
4697 3
4698 11
4699 3
4700 12
4701 4
4702 12
4703 4
4704 12
4705 4
4706 10
4707 5
4708 12
4709 5
4710 11
4711 5
4712 12
4713 5
4714 12
4715 6
4716 16
4717 6
4718 12
4719 7
4720 12
4721 7
4722 13
4723 6
4724 10
4725 7
4726 11
4727 7
4728 12
4729 7
4730 13
4731 8
4732 12
4733 9
4734 13
4735 7
4736 32
4737 8
4738 13
4739 8
4740 14
4741 9
4742 13
4743 9
4744 14
4745 9
4746 12
4747 9
4748 20
4749 8
4750 13
4751 9
4752 16
4753 9
4754 14
4755 10
4756 14
4757 10
4758 14
4759 10
4760 14
4761 10
4762 1
4763 10
4764 2
4765 9
4766 3
4767 10
4768 12
4769 10
4770 3
4771 11
4772 4
4773 11
4774 5
4775 11
4776 14
4777 11
4778 5
4779 12
4780 6
4781 12
4782 6
4783 10
4784 16
4785 11
4786 5
4787 11
4788 6
4789 12
4790 7
4791 12
4792 18
4793 14
4794 7
4795 12
4796 8
4797 13
4798 7
4799 13
4800 16
4801 13
4802 8
4803 11
4804 8
4805 12
4806 9
4807 12
4808 18
4809 13
4810 7
4811 13
4812 8
4813 15
4814 9
4815 13
4816 16
4817 14
4818 9
4819 13
4820 10
4821 14
4822 10
4823 14
4824 16
4825 12
4826 9
4827 13
4828 10
4829 13
4830 10
4831 1
4832 20
4833 2
4834 11
4835 3
4836 10
4837 3
4838 11
4839 4
4840 18
4841 4
4842 9
4843 4
4844 10
4845 5
4846 11
4847 5
4848 20
4849 5
4850 11
4851 5
4852 12
4853 6
4854 13
4855 6
4856 20
4857 7
4858 12
4859 7
4860 12
4861 6
4862 11
4863 7
4864 32
4865 7
4866 12
4867 7
4868 14
4869 8
4870 13
4871 9
4872 20
4873 7
4874 13
4875 8
4876 14
4877 8
4878 14
4879 9
4880 16
4881 9
4882 11
4883 9
4884 12
4885 9
4886 13
4887 8
4888 18
4889 9
4890 13
4891 9
4892 14
4893 10
4894 15
4895 10
4896 20
4897 10
4898 15
4899 10
4900 0
4901 10
4902 2
4903 9
4904 2
4905 10
4906 3
4907 10
4908 4
4909 11
4910 4
4911 11
4912 4
4913 11
4914 5
4915 11
4916 4
4917 12
4918 5
4919 12
4920 6
4921 10
4922 6
4923 11
4924 6
4925 11
4926 6
4927 12
4928 24
4929 12
4930 7
4931 14
4932 8
4933 12
4934 7
4935 13
4936 6
4937 13
4938 7
4939 13
4940 8
4941 11
4942 9
4943 12
4944 8
4945 12
4946 9
4947 13
4948 8
4949 13
4950 8
4951 15
4952 10
4953 13
4954 9
4955 14
4956 10
4957 13
4958 10
4959 14
4960 24
4961 14
4962 10
4963 12
4964 8
4965 13
4966 9
4967 13
4968 10
4969 14
4970 11
4971 1
4972 10
4973 2
4974 11
4975 3
4976 12
4977 3
4978 12
4979 4
4980 12
4981 4
4982 10
4983 4
4984 12
4985 5
4986 11
4987 5
4988 12
4989 5
4990 12
4991 5
4992 40
4993 6
4994 12
4995 6
4996 12
4997 7
4998 13
4999 7
5000 10
5001 6
5002 11
5003 7
5004 12
5005 7
5006 13
5007 7
5008 12
5009 8
5010 13
5011 9
5012 20
5013 7
5014 13
5015 8
5016 14
5017 8
5018 13
5019 9
5020 14
5021 9
5022 12
5023 9
5024 20
5025 9
5026 13
5027 8
5028 16
5029 9
5030 14
5031 9
5032 14
5033 10
5034 14
5035 10
5036 14
5037 10
5038 15
5039 10
5040 16
5041 10
5042 1
5043 9
5044 2
5045 10
5046 3
5047 10
5048 14
5049 11
5050 3
5051 11
5052 4
5053 11
5054 5
5055 11
5056 24
5057 12
5058 5
5059 12
5060 6
5061 10
5062 6
5063 11
5064 16
5065 11
5066 5
5067 12
5068 6
5069 12
5070 7
5071 14
5072 16
5073 12
5074 7
5075 13
5076 8
5077 13
5078 7
5079 13
5080 18
5081 11
5082 8
5083 12
5084 8
5085 12
5086 9
5087 13
5088 28
5089 13
5090 7
5091 15
5092 8
5093 13
5094 9
5095 14
5096 14
5097 13
5098 9
5099 14
5100 10
5101 14
5102 10
5103 12
5104 16
5105 13
5106 9
5107 13
5108 10
5109 14
5110 10
5111 14
5112 18
5113 1
5114 11
5115 2
5116 10
5117 3
5118 11
5119 3
5120 32
5121 4
5122 9
5123 4
5124 10
5125 4
5126 11
5127 5
5128 18
5129 5
5130 11
5131 5
5132 12
5133 5
5134 13
5135 6
5136 20
5137 6
5138 12
5139 7
5140 12
5141 7
5142 11
5143 6
5144 20
5145 7
5146 12
5147 7
5148 14
5149 7
5150 13
5151 8
5152 28
5153 9
5154 13
5155 7
5156 14
5157 8
5158 14
5159 8
5160 18
5161 9
5162 11
5163 9
5164 12
5165 9
5166 13
5167 9
5168 20
5169 8
5170 13
5171 9
5172 14
5173 9
5174 15
5175 10
5176 20
5177 10
5178 15
5179 10
5180 14
5181 10
5182 15
5183 10
5184 0
5185 9
5186 2
5187 10
5188 2
5189 10
5190 3
5191 11
5192 4
5193 11
5194 4
5195 11
5196 4
5197 11
5198 5
5199 12
5200 4
5201 12
5202 5
5203 10
5204 6
5205 11
5206 6
5207 11
5208 6
5209 12
5210 6
5211 12
5212 14
5213 14
5214 7
5215 12
5216 8
5217 13
5218 7
5219 13
5220 6
5221 13
5222 7
5223 11
5224 8
5225 12
5226 9
5227 12
5228 8
5229 13
5230 9
5231 13
5232 8
5233 15
5234 8
5235 13
5236 10
5237 14
5238 9
5239 13
5240 10
5241 14
5242 10
5243 14
5244 18
5245 12
5246 10
5247 13
5248 8
5249 13
5250 9
5251 14
5252 10
5253 14
5254 11
5255 15
5256 10
5257 1
5258 11
5259 2
5260 12
5261 3
5262 12
5263 3
5264 12
5265 4
5266 10
5267 4
5268 12
5269 4
5270 11
5271 5
5272 12
5273 5
5274 12
5275 5
5276 18
5277 5
5278 12
5279 6
5280 12
5281 6
5282 13
5283 7
5284 10
5285 7
5286 11
5287 6
5288 12
5289 7
5290 13
5291 7
5292 12
5293 7
5294 13
5295 8
5296 24
5297 9
5298 13
5299 7
5300 14
5301 8
5302 13
5303 8
5304 14
5305 9
5306 12
5307 9
5308 20
5309 9
5310 13
5311 9
5312 16
5313 8
5314 14
5315 9
5316 14
5317 9
5318 14
5319 10
5320 14
5321 10
5322 15
5323 10
5324 16
5325 10
5326 15
5327 10
5328 12
5329 9
5330 1
5331 10
5332 2
5333 10
5334 3
5335 11
5336 14
5337 11
5338 3
5339 11
5340 4
5341 11
5342 5
5343 12
5344 16
5345 12
5346 5
5347 10
5348 6
5349 11
5350 6
5351 11
5352 18
5353 12
5354 5
5355 12
5356 6
5357 14
5358 7
5359 12
5360 16
5361 13
5362 7
5363 13
5364 8
5365 13
5366 7
5367 11
5368 18
5369 12
5370 8
5371 12
5372 8
5373 13
5374 9
5375 13
5376 16
5377 15
5378 7
5379 13
5380 8
5381 14
5382 9
5383 13
5384 16
5385 14
5386 9
5387 14
5388 10
5389 12
5390 10
5391 13
5392 20
5393 13
5394 9
5395 14
5396 10
5397 14
5398 10
5399 15
5400 18
5401 14
5402 11
5403 1
5404 10
5405 2
5406 11
5407 3
5408 20
5409 3
5410 9
5411 4
5412 10
5413 4
5414 11
5415 4
5416 20
5417 5
5418 11
5419 5
5420 12
5421 5
5422 13
5423 5
5424 28
5425 6
5426 12
5427 6
5428 12
5429 7
5430 11
5431 7
5432 20
5433 6
5434 12
5435 7
5436 14
5437 7
5438 13
5439 7
5440 16
5441 8
5442 13
5443 9
5444 14
5445 7
5446 14
5447 8
5448 18
5449 8
5450 11
5451 9
5452 12
5453 9
5454 13
5455 9
5456 20
5457 9
5458 13
5459 8
5460 14
5461 9
5462 15
5463 9
5464 22
5465 10
5466 15
5467 10
5468 14
5469 10
5470 15
5471 10
5472 20
5473 10
5474 13
5475 9
5476 0
5477 10
5478 2
5479 10
5480 2
5481 11
5482 3
5483 11
5484 4
5485 11
5486 4
5487 11
5488 4
5489 12
5490 5
5491 12
5492 4
5493 10
5494 5
5495 11
5496 6
5497 11
5498 6
5499 12
5500 6
5501 12
5502 6
5503 14
5504 24
5505 12
5506 7
5507 13
5508 8
5509 13
5510 7
5511 13
5512 6
5513 11
5514 7
5515 12
5516 8
5517 12
5518 9
5519 13
5520 8
5521 13
5522 9
5523 15
5524 8
5525 13
5526 8
5527 14
5528 10
5529 13
5530 9
5531 14
5532 10
5533 14
5534 10
5535 12
5536 24
5537 13
5538 10
5539 13
5540 8
5541 14
5542 9
5543 14
5544 10
5545 15
5546 11
5547 14
5548 10
5549 15
5550 11
5551 1
5552 12
5553 2
5554 12
5555 3
5556 12
5557 3
5558 10
5559 4
5560 12
5561 4
5562 11
5563 4
5564 12
5565 5
5566 12
5567 5
5568 24
5569 5
5570 12
5571 5
5572 12
5573 6
5574 13
5575 6
5576 10
5577 7
5578 11
5579 7
5580 12
5581 6
5582 13
5583 7
5584 12
5585 7
5586 13
5587 7
5588 20
5589 8
5590 13
5591 9
5592 14
5593 7
5594 13
5595 8
5596 14
5597 8
5598 12
5599 9
5600 24
5601 9
5602 13
5603 9
5604 16
5605 9
5606 14
5607 8
5608 14
5609 9
5610 14
5611 9
5612 14
5613 10
5614 15
5615 10
5616 16
5617 10
5618 15
5619 10
5620 12
5621 10
5622 13
5623 9
5624 14
5625 10
5626 1
5627 10
5628 2
5629 11
5630 3
5631 11
5632 48
5633 11
5634 3
5635 11
5636 4
5637 12
5638 5
5639 12
5640 16
5641 10
5642 5
5643 11
5644 6
5645 11
5646 6
5647 12
5648 16
5649 12
5650 5
5651 14
5652 6
5653 12
5654 7
5655 13
5656 18
5657 13
5658 7
5659 13
5660 8
5661 11
5662 7
5663 12
5664 28
5665 12
5666 8
5667 13
5668 8
5669 13
5670 9
5671 15
5672 14
5673 13
5674 7
5675 14
5676 8
5677 13
5678 9
5679 14
5680 16
5681 14
5682 9
5683 12
5684 10
5685 13
5686 10
5687 13
5688 18
5689 14
5690 9
5691 14
5692 10
5693 15
5694 10
5695 14
5696 32
5697 15
5698 11
5699 16
5700 10
5701 1
5702 11
5703 2
5704 18
5705 3
5706 9
5707 3
5708 10
5709 4
5710 11
5711 4
5712 20
5713 4
5714 11
5715 5
5716 12
5717 5
5718 13
5719 5
5720 20
5721 5
5722 12
5723 6
5724 12
5725 6
5726 11
5727 7
5728 28
5729 7
5730 12
5731 6
5732 14
5733 7
5734 13
5735 7
5736 18
5737 7
5738 13
5739 8
5740 14
5741 9
5742 14
5743 7
5744 20
5745 8
5746 11
5747 8
5748 12
5749 9
5750 13
5751 9
5752 20
5753 9
5754 13
5755 9
5756 14
5757 8
5758 15
5759 9
5760 24
5761 9
5762 15
5763 10
5764 14
5765 10
5766 15
5767 10
5768 22
5769 10
5770 13
5771 10
5772 14
5773 9
5774 14
5775 10
5776 0
5777 10
5778 2
5779 11
5780 2
5781 11
5782 3
5783 11
5784 4
5785 11
5786 4
5787 12
5788 4
5789 12
5790 5
5791 10
5792 4
5793 11
5794 5
5795 11
5796 6
5797 12
5798 6
5799 12
5800 6
5801 14
5802 6
5803 12
5804 16
5805 13
5806 7
5807 13
5808 8
5809 13
5810 7
5811 11
5812 6
5813 12
5814 7
5815 12
5816 8
5817 13
5818 9
5819 13
5820 8
5821 15
5822 9
5823 13
5824 8
5825 14
5826 8
5827 13
5828 10
5829 14
5830 9
5831 14
5832 10
5833 12
5834 10
5835 13
5836 18
5837 13
5838 10
5839 14
5840 8
5841 14
5842 9
5843 15
5844 10
5845 14
5846 11
5847 15
5848 10
5849 16
5850 11
5851 15
5852 12
5853 1
5854 12
5855 2
5856 12
5857 3
5858 10
5859 3
5860 12
5861 4
5862 11
5863 4
5864 12
5865 4
5866 12
5867 5
5868 18
5869 5
5870 12
5871 5
5872 12
5873 5
5874 13
5875 6
5876 10
5877 6
5878 11
5879 7
5880 12
5881 7
5882 13
5883 6
5884 12
5885 7
5886 13
5887 7
5888 32
5889 7
5890 13
5891 8
5892 14
5893 9
5894 13
5895 7
5896 14
5897 8
5898 12
5899 8
5900 20
5901 9
5902 13
5903 9
5904 16
5905 9
5906 14
5907 9
5908 14
5909 8
5910 14
5911 9
5912 14
5913 9
5914 15
5915 10
5916 16
5917 10
5918 15
5919 10
5920 12
5921 10
5922 13
5923 10
5924 14
5925 9
5926 15
5927 10
5928 14
5929 10
5930 1
5931 11
5932 2
5933 11
5934 3
5935 11
5936 16
5937 11
5938 3
5939 12
5940 4
5941 12
5942 5
5943 10
5944 18
5945 11
5946 5
5947 11
5948 6
5949 12
5950 6
5951 12
5952 16
5953 14
5954 5
5955 12
5956 6
5957 13
5958 7
5959 13
5960 18
5961 13
5962 7
5963 11
5964 8
5965 12
5966 7
5967 12
5968 16
5969 13
5970 8
5971 13
5972 8
5973 15
5974 9
5975 13
5976 16
5977 14
5978 7
5979 13
5980 8
5981 14
5982 9
5983 14
5984 20
5985 12
5986 9
5987 13
5988 10
5989 13
5990 10
5991 14
5992 18
5993 14
5994 9
5995 15
5996 10
5997 14
5998 10
5999 15
6000 20
6001 16
6002 11
6003 15
6004 10
6005 16
6006 11
6007 1
6008 20
6009 2
6010 9
6011 3
6012 10
6013 3
6014 11
6015 4
6016 40
6017 4
6018 11
6019 4
6020 12
6021 5
6022 13
6023 5
6024 20
6025 5
6026 12
6027 5
6028 12
6029 6
6030 11
6031 6
6032 16
6033 7
6034 12
6035 7
6036 14
6037 6
6038 13
6039 7
6040 18
6041 7
6042 13
6043 7
6044 14
6045 8
6046 14
6047 9
6048 20
6049 7
6050 11
6051 8
6052 12
6053 8
6054 13
6055 9
6056 22
6057 9
6058 13
6059 9
6060 14
6061 9
6062 15
6063 8
6064 20
6065 9
6066 15
6067 9
6068 14
6069 10
6070 15
6071 10
6072 22
6073 10
6074 13
6075 10
6076 14
6077 10
6078 14
6079 9
6080 24
6081 10
6082 15
6083 10
6084 0
6085 11
6086 2
6087 11
6088 2
6089 11
6090 3
6091 11
6092 4
6093 12
6094 4
6095 12
6096 4
6097 10
6098 5
6099 11
6100 4
6101 11
6102 5
6103 12
6104 6
6105 12
6106 6
6107 14
6108 6
6109 12
6110 6
6111 13
6112 24
6113 13
6114 7
6115 13
6116 8
6117 11
6118 7
6119 12
6120 6
6121 12
6122 7
6123 13
6124 8
6125 13
6126 9
6127 15
6128 8
6129 13
6130 9
6131 14
6132 8
6133 13
6134 8
6135 14
6136 10
6137 14
6138 9
6139 12
6140 10
6141 13
6142 10
6143 13
6144 64
6145 14
6146 10
6147 14
6148 8
6149 15
6150 9
6151 14
6152 10
6153 15
6154 11
6155 16
6156 10
6157 15
6158 11
6159 16
6160 12
6161 15
6162 12
6163 1
6164 12
6165 2
6166 10
6167 3
6168 12
6169 3
6170 11
6171 4
6172 12
6173 4
6174 12
6175 4
6176 20
6177 5
6178 12
6179 5
6180 12
6181 5
6182 13
6183 5
6184 10
6185 6
6186 11
6187 6
6188 12
6189 7
6190 13
6191 7
6192 12
6193 6
6194 13
6195 7
6196 20
6197 7
6198 13
6199 7
6200 14
6201 8
6202 13
6203 9
6204 14
6205 7
6206 12
6207 8
6208 24
6209 8
6210 13
6211 9
6212 16
6213 9
6214 14
6215 9
6216 14
6217 9
6218 14
6219 8
6220 14
6221 9
6222 15
6223 9
6224 16
6225 10
6226 15
6227 10
6228 12
6229 10
6230 13
6231 10
6232 14
6233 10
6234 15
6235 9
6236 14
6237 10
6238 15
6239 10
6240 28
6241 11
6242 1
6243 11
6244 2
6245 11
6246 3
6247 11
6248 16
6249 12
6250 3
6251 12
6252 4
6253 10
6254 5
6255 11
6256 16
6257 11
6258 5
6259 12
6260 6
6261 12
6262 6
6263 14
6264 18
6265 12
6266 5
6267 13
6268 6
6269 13
6270 7
6271 13
6272 40
6273 11
6274 7
6275 12
6276 8
6277 12
6278 7
6279 13
6280 14
6281 13
6282 8
6283 15
6284 8
6285 13
6286 9
6287 14
6288 16
6289 13
6290 7
6291 14
6292 8
6293 14
6294 9
6295 12
6296 18
6297 13
6298 9
6299 13
6300 10
6301 14
6302 10
6303 14
6304 28
6305 15
6306 9
6307 14
6308 10
6309 15
6310 10
6311 16
6312 18
6313 15
6314 11
6315 16
6316 10
6317 15
6318 11
6319 13
6320 20
6321 1
6322 9
6323 2
6324 10
6325 3
6326 11
6327 3
6328 20
6329 4
6330 11
6331 4
6332 12
6333 4
6334 13
6335 5
6336 32
6337 5
6338 12
6339 5
6340 12
6341 5
6342 11
6343 6
6344 18
6345 6
6346 12
6347 7
6348 14
6349 7
6350 13
6351 6
6352 20
6353 7
6354 13
6355 7
6356 14
6357 7
6358 14
6359 8
6360 20
6361 9
6362 11
6363 7
6364 12
6365 8
6366 13
6367 8
6368 28
6369 9
6370 13
6371 9
6372 14
6373 9
6374 15
6375 9
6376 22
6377 8
6378 15
6379 9
6380 14
6381 9
6382 15
6383 10
6384 20
6385 10
6386 13
6387 10
6388 14
6389 10
6390 14
6391 10
6392 22
6393 9
6394 15
6395 10
6396 16
6397 10
6398 15
6399 11
6400 0
6401 11
6402 2
6403 11
6404 2
6405 11
6406 3
6407 12
6408 4
6409 12
6410 4
6411 10
6412 4
6413 11
6414 5
6415 11
6416 4
6417 12
6418 5
6419 12
6420 6
6421 14
6422 6
6423 12
6424 6
6425 13
6426 6
6427 13
6428 16
6429 13
6430 7
6431 11
6432 8
6433 12
6434 7
6435 12
6436 6
6437 13
6438 7
6439 13
6440 8
6441 15
6442 9
6443 13
6444 8
6445 14
6446 9
6447 13
6448 8
6449 14
6450 8
6451 14
6452 10
6453 12
6454 9
6455 13
6456 10
6457 13
6458 10
6459 14
6460 18
6461 14
6462 10
6463 15
6464 8
6465 14
6466 9
6467 15
6468 10
6469 16
6470 11
6471 15
6472 10
6473 16
6474 11
6475 15
6476 12
6477 13
6478 12
6479 14
6480 12
6481 1
6482 10
6483 2
6484 12
6485 3
6486 11
6487 3
6488 12
6489 4
6490 12
6491 4
6492 20
6493 4
6494 12
6495 5
6496 12
6497 5
6498 13
6499 5
6500 10
6501 5
6502 11
6503 6
6504 12
6505 6
6506 13
6507 7
6508 12
6509 7
6510 13
6511 6
6512 28
6513 7
6514 13
6515 7
6516 14
6517 7
6518 13
6519 8
6520 14
6521 9
6522 12
6523 7
6524 20
6525 8
6526 13
6527 8
6528 16
6529 9
6530 14
6531 9
6532 14
6533 9
6534 14
6535 9
6536 14
6537 8
6538 15
6539 9
6540 16
6541 9
6542 15
6543 10
6544 12
6545 10
6546 13
6547 10
6548 14
6549 10
6550 15
6551 10
6552 14
6553 9
6554 15
6555 10
6556 22
6557 10
6558 17
6559 11
6560 16
6561 11
6562 1
6563 11
6564 2
6565 11
6566 3
6567 12
6568 18
6569 12
6570 3
6571 10
6572 4
6573 11
6574 5
6575 11
6576 16
6577 12
6578 5
6579 12
6580 6
6581 14
6582 6
6583 12
6584 18
6585 13
6586 5
6587 13
6588 6
6589 13
6590 7
6591 11
6592 16
6593 12
6594 7
6595 12
6596 8
6597 13
6598 7
6599 13
6600 16
6601 15
6602 8
6603 13
6604 8
6605 14
6606 9
6607 13
6608 20
6609 14
6610 7
6611 14
6612 8
6613 12
6614 9
6615 13
6616 18
6617 13
6618 9
6619 14
6620 10
6621 14
6622 10
6623 15
6624 20
6625 14
6626 9
6627 15
6628 10
6629 16
6630 10
6631 15
6632 20
6633 16
6634 11
6635 15
6636 10
6637 13
6638 11
6639 14
6640 28
6641 14
6642 9
6643 1
6644 10
6645 2
6646 11
6647 3
6648 20
6649 3
6650 11
6651 4
6652 12
6653 4
6654 13
6655 4
6656 16
6657 5
6658 12
6659 5
6660 12
6661 5
6662 11
6663 5
6664 18
6665 6
6666 12
6667 6
6668 14
6669 7
6670 13
6671 7
6672 20
6673 6
6674 13
6675 7
6676 14
6677 7
6678 14
6679 7
6680 22
6681 8
6682 11
6683 9
6684 12
6685 7
6686 13
6687 8
6688 20
6689 8
6690 13
6691 9
6692 14
6693 9
6694 15
6695 9
6696 22
6697 9
6698 15
6699 8
6700 14
6701 9
6702 15
6703 9
6704 24
6705 10
6706 13
6707 10
6708 14
6709 10
6710 14
6711 10
6712 24
6713 10
6714 15
6715 9
6716 16
6717 10
6718 15
6719 10
6720 24
6721 11
6722 16
6723 11
6724 0
6725 11
6726 2
6727 11
6728 2
6729 12
6730 3
6731 12
6732 4
6733 10
6734 4
6735 11
6736 4
6737 11
6738 5
6739 12
6740 4
6741 12
6742 5
6743 14
6744 6
6745 12
6746 6
6747 13
6748 6
6749 13
6750 6
6751 13
6752 24
6753 11
6754 7
6755 12
6756 8
6757 12
6758 7
6759 13
6760 6
6761 13
6762 7
6763 15
6764 8
6765 13
6766 9
6767 14
6768 8
6769 13
6770 9
6771 14
6772 8
6773 14
6774 8
6775 12
6776 10
6777 13
6778 9
6779 13
6780 10
6781 14
6782 10
6783 14
6784 24
6785 15
6786 10
6787 14
6788 8
6789 15
6790 9
6791 16
6792 10
6793 15
6794 11
6795 16
6796 10
6797 15
6798 11
6799 13
6800 12
6801 14
6802 12
6803 14
6804 12
6805 15
6806 10
6807 1
6808 12
6809 2
6810 11
6811 3
6812 12
6813 3
6814 12
6815 4
6816 24
6817 4
6818 12
6819 4
6820 12
6821 5
6822 13
6823 5
6824 10
6825 5
6826 11
6827 5
6828 12
6829 6
6830 13
6831 6
6832 12
6833 7
6834 13
6835 7
6836 20
6837 6
6838 13
6839 7
6840 14
6841 7
6842 13
6843 7
6844 14
6845 8
6846 12
6847 9
6848 40
6849 7
6850 13
6851 8
6852 16
6853 8
6854 14
6855 9
6856 14
6857 9
6858 14
6859 9
6860 14
6861 9
6862 15
6863 8
6864 16
6865 9
6866 15
6867 9
6868 12
6869 10
6870 13
6871 10
6872 14
6873 10
6874 15
6875 10
6876 14
6877 10
6878 15
6879 9
6880 28
6881 10
6882 17
6883 10
6884 16
6885 11
6886 15
6887 11
6888 16
6889 11
6890 1
6891 11
6892 2
6893 12
6894 3
6895 12
6896 16
6897 10
6898 3
6899 11
6900 4
6901 11
6902 5
6903 12
6904 18
6905 12
6906 5
6907 14
6908 6
6909 12
6910 6
6911 13
6912 32
6913 13
6914 5
6915 13
6916 6
6917 11
6918 7
6919 12
6920 14
6921 12
6922 7
6923 13
6924 8
6925 13
6926 7
6927 15
6928 16
6929 13
6930 8
6931 14
6932 8
6933 13
6934 9
6935 14
6936 18
6937 14
6938 7
6939 12
6940 8
6941 13
6942 9
6943 13
6944 28
6945 14
6946 9
6947 14
6948 10
6949 15
6950 10
6951 14
6952 18
6953 15
6954 9
6955 16
6956 10
6957 15
6958 10
6959 16
6960 20
6961 15
6962 11
6963 13
6964 10
6965 14
6966 11
6967 14
6968 20
6969 15
6970 9
6971 15
6972 10
6973 1
6974 11
6975 2
6976 24
6977 3
6978 11
6979 3
6980 12
6981 4
6982 13
6983 4
6984 18
6985 4
6986 12
6987 5
6988 12
6989 5
6990 11
6991 5
6992 20
6993 5
6994 12
6995 6
6996 14
6997 6
6998 13
6999 7
7000 20
7001 7
7002 13
7003 6
7004 14
7005 7
7006 14
7007 7
7008 28
7009 7
7010 11
7011 8
7012 12
7013 9
7014 13
7015 7
7016 22
7017 8
7018 13
7019 8
7020 14
7021 9
7022 15
7023 9
7024 20
7025 9
7026 15
7027 9
7028 14
7029 8
7030 15
7031 9
7032 22
7033 9
7034 13
7035 10
7036 14
7037 10
7038 14
7039 10
7040 32
7041 10
7042 15
7043 10
7044 16
7045 9
7046 15
7047 10
7048 18
7049 10
7050 16
7051 11
7052 18
7053 11
7054 17
7055 11
7056 0
7057 11
7058 2
7059 12
7060 2
7061 12
7062 3
7063 10
7064 4
7065 11
7066 4
7067 11
7068 4
7069 12
7070 5
7071 12
7072 4
7073 14
7074 5
7075 12
7076 6
7077 13
7078 6
7079 13
7080 6
7081 13
7082 6
7083 11
7084 18
7085 12
7086 7
7087 12
7088 8
7089 13
7090 7
7091 13
7092 6
7093 15
7094 7
7095 13
7096 8
7097 14
7098 9
7099 13
7100 8
7101 14
7102 9
7103 14
7104 8
7105 12
7106 8
7107 13
7108 10
7109 13
7110 9
7111 14
7112 10
7113 14
7114 10
7115 15
7116 16
7117 14
7118 10
7119 15
7120 8
7121 16
7122 9
7123 15
7124 10
7125 16
7126 11
7127 15
7128 10
7129 13
7130 11
7131 14
7132 12
7133 14
7134 12
7135 15
7136 12
7137 15
7138 10
7139 17
7140 12
7141 1
7142 11
7143 2
7144 12
7145 3
7146 12
7147 3
7148 20
7149 4
7150 12
7151 4
7152 12
7153 4
7154 13
7155 5
7156 10
7157 5
7158 11
7159 5
7160 12
7161 5
7162 13
7163 6
7164 12
7165 6
7166 13
7167 7
7168 32
7169 7
7170 13
7171 6
7172 14
7173 7
7174 13
7175 7
7176 14
7177 7
7178 12
7179 8
7180 18
7181 9
7182 13
7183 7
7184 16
7185 8
7186 14
7187 8
7188 14
7189 9
7190 14
7191 9
7192 14
7193 9
7194 15
7195 9
7196 16
7197 8
7198 15
7199 9
7200 12
7201 9
7202 13
7203 10
7204 14
7205 10
7206 15
7207 10
7208 14
7209 10
7210 15
7211 10
7212 22
7213 9
7214 17
7215 10
7216 16
7217 10
7218 15
7219 11
7220 16
7221 11
7222 16
7223 11
7224 18
7225 11
7226 1
7227 12
7228 2
7229 12
7230 3
7231 10
7232 16
7233 11
7234 3
7235 11
7236 4
7237 12
7238 5
7239 12
7240 18
7241 14
7242 5
7243 12
7244 6
7245 13
7246 6
7247 13
7248 16
7249 13
7250 5
7251 11
7252 6
7253 12
7254 7
7255 12
7256 16
7257 13
7258 7
7259 13
7260 8
7261 15
7262 7
7263 13
7264 20
7265 14
7266 8
7267 13
7268 8
7269 14
7270 9
7271 14
7272 18
7273 12
7274 7
7275 13
7276 8
7277 13
7278 9
7279 14
7280 20
7281 14
7282 9
7283 15
7284 10
7285 14
7286 10
7287 15
7288 20
7289 16
7290 9
7291 15
7292 10
7293 16
7294 10
7295 15
7296 40
7297 13
7298 11
7299 14
7300 10
7301 14
7302 11
7303 15
7304 20
7305 15
7306 9
7307 17
7308 10
7309 15
7310 11
7311 1
7312 16
7313 2
7314 11
7315 3
7316 12
7317 3
7318 13
7319 4
7320 18
7321 4
7322 12
7323 4
7324 12
7325 5
7326 11
7327 5
7328 20
7329 5
7330 12
7331 5
7332 14
7333 6
7334 13
7335 6
7336 22
7337 7
7338 13
7339 7
7340 14
7341 6
7342 14
7343 7
7344 20
7345 7
7346 11
7347 7
7348 12
7349 8
7350 13
7351 9
7352 22
7353 7
7354 13
7355 8
7356 14
7357 8
7358 15
7359 9
7360 24
7361 9
7362 15
7363 9
7364 14
7365 9
7366 15
7367 8
7368 24
7369 9
7370 13
7371 9
7372 14
7373 10
7374 14
7375 10
7376 24
7377 10
7378 15
7379 10
7380 16
7381 10
7382 15
7383 9
7384 20
7385 10
7386 16
7387 10
7388 18
7389 11
7390 17
7391 11
7392 24
7393 11
7394 13
7395 11
7396 0
7397 12
7398 2
7399 12
7400 2
7401 10
7402 3
7403 11
7404 4
7405 11
7406 4
7407 12
7408 4
7409 12
7410 5
7411 14
7412 4
7413 12
7414 5
7415 13
7416 6
7417 13
7418 6
7419 13
7420 6
7421 11
7422 6
7423 12
7424 32
7425 12
7426 7
7427 13
7428 8
7429 13
7430 7
7431 15
7432 6
7433 13
7434 7
7435 14
7436 8
7437 13
7438 9
7439 14
7440 8
7441 14
7442 9
7443 12
7444 8
7445 13
7446 8
7447 13
7448 10
7449 14
7450 9
7451 14
7452 10
7453 15
7454 10
7455 14
7456 20
7457 15
7458 10
7459 16
7460 8
7461 15
7462 9
7463 16
7464 10
7465 15
7466 11
7467 13
7468 10
7469 14
7470 11
7471 14
7472 12
7473 15
7474 12
7475 15
7476 12
7477 17
7478 10
7479 15
7480 12
7481 16
7482 11
7483 1
7484 12
7485 2
7486 12
7487 3
7488 24
7489 3
7490 12
7491 4
7492 12
7493 4
7494 13
7495 4
7496 10
7497 5
7498 11
7499 5
7500 12
7501 5
7502 13
7503 5
7504 12
7505 6
7506 13
7507 6
7508 20
7509 7
7510 13
7511 7
7512 14
7513 6
7514 13
7515 7
7516 14
7517 7
7518 12
7519 7
7520 28
7521 8
7522 13
7523 9
7524 16
7525 7
7526 14
7527 8
7528 14
7529 8
7530 14
7531 9
7532 14
7533 9
7534 15
7535 9
7536 16
7537 9
7538 15
7539 8
7540 12
7541 9
7542 13
7543 9
7544 14
7545 10
7546 15
7547 10
7548 14
7549 10
7550 15
7551 10
7552 40
7553 10
7554 17
7555 9
7556 16
7557 10
7558 15
7559 10
7560 16
7561 11
7562 16
7563 11
7564 18
7565 11
7566 14
7567 11
7568 16
7569 12
7570 1
7571 12
7572 2
7573 10
7574 3
7575 11
7576 18
7577 11
7578 3
7579 12
7580 4
7581 12
7582 5
7583 14
7584 28
7585 12
7586 5
7587 13
7588 6
7589 13
7590 6
7591 13
7592 14
7593 11
7594 5
7595 12
7596 6
7597 12
7598 7
7599 13
7600 16
7601 13
7602 7
7603 15
7604 8
7605 13
7606 7
7607 14
7608 18
7609 13
7610 8
7611 14
7612 8
7613 14
7614 9
7615 12
7616 32
7617 13
7618 7
7619 13
7620 8
7621 14
7622 9
7623 14
7624 18
7625 15
7626 9
7627 14
7628 10
7629 15
7630 10
7631 16
7632 20
7633 15
7634 9
7635 16
7636 10
7637 15
7638 10
7639 13
7640 20
7641 14
7642 11
7643 14
7644 10
7645 15
7646 11
7647 15
7648 28
7649 17
7650 9
7651 15
7652 10
7653 16
7654 11
7655 16
7656 18
7657 1
7658 11
7659 2
7660 12
7661 3
7662 13
7663 3
7664 20
7665 4
7666 12
7667 4
7668 12
7669 4
7670 11
7671 5
7672 20
7673 5
7674 12
7675 5
7676 14
7677 5
7678 13
7679 6
7680 48
7681 6
7682 13
7683 7
7684 14
7685 7
7686 14
7687 6
7688 22
7689 7
7690 11
7691 7
7692 12
7693 7
7694 13
7695 8
7696 20
7697 9
7698 13
7699 7
7700 14
7701 8
7702 15
7703 8
7704 22
7705 9
7706 15
7707 9
7708 14
7709 9
7710 15
7711 9
7712 32
7713 8
7714 13
7715 9
7716 14
7717 9
7718 14
7719 10
7720 18
7721 10
7722 15
7723 10
7724 16
7725 10
7726 15
7727 10
7728 20
7729 9
7730 16
7731 10
7732 18
7733 10
7734 17
7735 11
7736 22
7737 11
7738 13
7739 11
7740 14
7741 11
7742 15
7743 12
7744 0
7745 12
7746 2
7747 10
7748 2
7749 11
7750 3
7751 11
7752 4
7753 12
7754 4
7755 12
7756 4
7757 14
7758 5
7759 12
7760 4
7761 13
7762 5
7763 13
7764 6
7765 13
7766 6
7767 11
7768 6
7769 12
7770 6
7771 12
7772 18
7773 13
7774 7
7775 13
7776 8
7777 15
7778 7
7779 13
7780 6
7781 14
7782 7
7783 13
7784 8
7785 14
7786 9
7787 14
7788 8
7789 12
7790 9
7791 13
7792 8
7793 13
7794 8
7795 14
7796 10
7797 14
7798 9
7799 15
7800 10
7801 14
7802 10
7803 15
7804 18
7805 16
7806 10
7807 15
7808 8
7809 16
7810 9
7811 15
7812 10
7813 13
7814 11
7815 14
7816 10
7817 14
7818 11
7819 15
7820 12
7821 15
7822 12
7823 17
7824 12
7825 15
7826 10
7827 16
7828 12
7829 16
7830 11
7831 16
7832 12
7833 1
7834 12
7835 2
7836 20
7837 3
7838 12
7839 3
7840 12
7841 4
7842 13
7843 4
7844 10
7845 4
7846 11
7847 5
7848 12
7849 5
7850 13
7851 5
7852 12
7853 5
7854 13
7855 6
7856 28
7857 6
7858 13
7859 7
7860 14
7861 7
7862 13
7863 6
7864 14
7865 7
7866 12
7867 7
7868 20
7869 7
7870 13
7871 8
7872 16
7873 9
7874 14
7875 7
7876 14
7877 8
7878 14
7879 8
7880 14
7881 9
7882 15
7883 9
7884 16
7885 9
7886 15
7887 9
7888 12
7889 8
7890 13
7891 9
7892 14
7893 9
7894 15
7895 10
7896 14
7897 10
7898 15
7899 10
7900 22
7901 10
7902 17
7903 10
7904 16
7905 9
7906 15
7907 10
7908 16
7909 10
7910 16
7911 11
7912 18
7913 11
7914 14
7915 11
7916 16
7917 11
7918 15
7919 12
7920 16
7921 12
7922 1
7923 10
7924 2
7925 11
7926 3
7927 11
7928 18
7929 12
7930 3
7931 12
7932 4
7933 14
7934 5
7935 12
7936 16
7937 13
7938 5
7939 13
7940 6
7941 13
7942 6
7943 11
7944 16
7945 12
7946 5
7947 12
7948 6
7949 13
7950 7
7951 13
7952 20
7953 15
7954 7
7955 13
7956 8
7957 14
7958 7
7959 13
7960 18
7961 14
7962 8
7963 14
7964 8
7965 12
7966 9
7967 13
7968 20
7969 13
7970 7
7971 14
7972 8
7973 14
7974 9
7975 15
7976 20
7977 14
7978 9
7979 15
7980 10
7981 16
7982 10
7983 15
7984 28
7985 16
7986 9
7987 15
7988 10
7989 13
7990 10
7991 14
7992 20
7993 14
7994 11
7995 15
7996 10
7997 15
7998 11
7999 17
8000 16
8001 15
8002 9
8003 16
8004 10
8005 16
8006 11
8007 16
8008 18
8009 17
8010 11
8011 1
8012 12
8013 2
8014 13
8015 3
8016 20
8017 3
8018 12
8019 4
8020 12
8021 4
8022 11
8023 4
8024 22
8025 5
8026 12
8027 5
8028 14
8029 5
8030 13
8031 5
8032 20
8033 6
8034 13
8035 6
8036 14
8037 7
8038 14
8039 7
8040 22
8041 6
8042 11
8043 7
8044 12
8045 7
8046 13
8047 7
8048 24
8049 8
8050 13
8051 9
8052 14
8053 7
8054 15
8055 8
8056 24
8057 8
8058 15
8059 9
8060 14
8061 9
8062 15
8063 9
8064 24
8065 9
8066 13
8067 8
8068 14
8069 9
8070 14
8071 9
8072 20
8073 10
8074 15
8075 10
8076 16
8077 10
8078 15
8079 10
8080 24
8081 10
8082 16
8083 9
8084 18
8085 10
8086 17
8087 10
8088 22
8089 11
8090 13
8091 11
8092 14
8093 11
8094 15
8095 11
8096 24
8097 12
8098 15
8099 12
8100 0
8101 10
8102 2
8103 11
8104 2
8105 11
8106 3
8107 12
8108 4
8109 12
8110 4
8111 14
8112 4
8113 12
8114 5
8115 13
8116 4
8117 13
8118 5
8119 13
8120 6
8121 11
8122 6
8123 12
8124 6
8125 12
8126 6
8127 13
8128 24
8129 13
8130 7
8131 15
8132 8
8133 13
8134 7
8135 14
8136 6
8137 13
8138 7
8139 14
8140 8
8141 14
8142 9
8143 12
8144 8
8145 13
8146 9
8147 13
8148 8
8149 14
8150 8
8151 14
8152 10
8153 15
8154 9
8155 14
8156 10
8157 15
8158 10
8159 16
8160 24
8161 15
8162 10
8163 16
8164 8
8165 15
8166 9
8167 13
8168 10
8169 14
8170 11
8171 14
8172 10
8173 15
8174 11
8175 15
8176 12
8177 17
8178 12
8179 15
8180 12
8181 16
8182 10
8183 16
8184 12
8185 16
8186 11
8187 17
8188 12
8189 17
8190 12
8191 1
8192 64
8193 2
8194 12
8195 3
8196 12
8197 3
8198 13
8199 4
8200 10
8201 4
8202 11
8203 4
8204 12
8205 5
8206 13
8207 5
8208 12
8209 5
8210 13
8211 5
8212 18
8213 6
8214 13
8215 6
8216 14
8217 7
8218 13
8219 7
8220 14
8221 6
8222 12
8223 7
8224 28
8225 7
8226 13
8227 7
8228 16
8229 8
8230 14
8231 9
8232 14
8233 7
8234 14
8235 8
8236 14
8237 8
8238 15
8239 9
8240 16
8241 9
8242 15
8243 9
8244 12
8245 9
8246 13
8247 8
8248 14
8249 9
8250 15
8251 9
8252 14
8253 10
8254 15
8255 10
8256 32
8257 10
8258 17
8259 10
8260 16
8261 10
8262 15
8263 9
8264 16
8265 10
8266 16
8267 10
8268 18
8269 11
8270 14
8271 11
8272 16
8273 11
8274 15
8275 11
8276 16
8277 12
8278 16
8279 12
8280 18
8281 10
8282 1
8283 11
8284 2
8285 11
8286 3
8287 12
8288 28
8289 12
8290 3
8291 14
8292 4
8293 12
8294 5
8295 13
8296 14
8297 13
8298 5
8299 13
8300 6
8301 11
8302 6
8303 12
8304 16
8305 12
8306 5
8307 13
8308 6
8309 13
8310 7
8311 15
8312 18
8313 13
8314 7
8315 14
8316 8
8317 13
8318 7
8319 14
8320 24
8321 14
8322 8
8323 12
8324 8
8325 13
8326 9
8327 13
8328 18
8329 14
8330 7
8331 14
8332 8
8333 15
8334 9
8335 14
8336 20
8337 15
8338 9
8339 16
8340 10
8341 15
8342 10
8343 16
8344 20
8345 15
8346 9
8347 13
8348 10
8349 14
8350 10
8351 14
8352 28
8353 15
8354 11
8355 15
8356 10
8357 17
8358 11
8359 15
8360 18
8361 16
8362 9
8363 16
8364 10
8365 16
8366 11
8367 17
8368 20
8369 17
8370 11
8371 16
8372 12
8373 1
8374 13
8375 2
8376 20
8377 3
8378 12
8379 3
8380 12
8381 4
8382 11
8383 4
8384 32
8385 4
8386 12
8387 5
8388 14
8389 5
8390 13
8391 5
8392 22
8393 5
8394 13
8395 6
8396 14
8397 6
8398 14
8399 7
8400 20
8401 7
8402 11
8403 6
8404 12
8405 7
8406 13
8407 7
8408 22
8409 7
8410 13
8411 8
8412 14
8413 9
8414 15
8415 7
8416 36
8417 8
8418 15
8419 8
8420 14
8421 9
8422 15
8423 9
8424 18
8425 9
8426 13
8427 9
8428 14
8429 8
8430 14
8431 9
8432 20
8433 9
8434 15
8435 10
8436 16
8437 10
8438 15
8439 10
8440 22
8441 10
8442 16
8443 10
8444 18
8445 9
8446 17
8447 10
8448 32
8449 10
8450 13
8451 11
8452 14
8453 11
8454 15
8455 11
8456 22
8457 11
8458 15
8459 12
8460 16
8461 12
8462 17
8463 10
8464 0
8465 11
8466 2
8467 11
8468 2
8469 12
8470 3
8471 12
8472 4
8473 14
8474 4
8475 12
8476 4
8477 13
8478 5
8479 13
8480 4
8481 13
8482 5
8483 11
8484 6
8485 12
8486 6
8487 12
8488 6
8489 13
8490 6
8491 13
8492 18
8493 15
8494 7
8495 13
8496 8
8497 14
8498 7
8499 13
8500 6
8501 14
8502 7
8503 14
8504 8
8505 12
8506 9
8507 13
8508 8
8509 13
8510 9
8511 14
8512 8
8513 14
8514 8
8515 15
8516 10
8517 14
8518 9
8519 15
8520 10
8521 16
8522 10
8523 15
8524 18
8525 16
8526 10
8527 15
8528 8
8529 13
8530 9
8531 14
8532 10
8533 14
8534 11
8535 15
8536 10
8537 15
8538 11
8539 17
8540 12
8541 15
8542 12
8543 16
8544 12
8545 16
8546 10
8547 16
8548 12
8549 17
8550 11
8551 17
8552 12
8553 16
8554 12
8555 14
8556 20
8557 1
8558 12
8559 2
8560 12
8561 3
8562 13
8563 3
8564 10
8565 4
8566 11
8567 4
8568 12
8569 4
8570 13
8571 5
8572 12
8573 5
8574 13
8575 5
8576 40
8577 5
8578 13
8579 6
8580 14
8581 6
8582 13
8583 7
8584 14
8585 7
8586 12
8587 6
8588 20
8589 7
8590 13
8591 7
8592 16
8593 7
8594 14
8595 8
8596 14
8597 9
8598 14
8599 7
8600 14
8601 8
8602 15
8603 8
8604 16
8605 9
8606 15
8607 9
8608 12
8609 9
8610 13
8611 9
8612 14
8613 8
8614 15
8615 9
8616 14
8617 9
8618 15
8619 10
8620 22
8621 10
8622 17
8623 10
8624 16
8625 10
8626 15
8627 10
8628 16
8629 9
8630 16
8631 10
8632 18
8633 10
8634 14
8635 11
8636 16
8637 11
8638 15
8639 11
8640 16
8641 11
8642 16
8643 12
8644 18
8645 12
8646 16
8647 10
8648 18
8649 11
8650 1
8651 11
8652 2
8653 12
8654 3
8655 12
8656 16
8657 14
8658 3
8659 12
8660 4
8661 13
8662 5
8663 13
8664 16
8665 13
8666 5
8667 11
8668 6
8669 12
8670 6
8671 12
8672 20
8673 13
8674 5
8675 13
8676 6
8677 15
8678 7
8679 13
8680 18
8681 14
8682 7
8683 13
8684 8
8685 14
8686 7
8687 14
8688 20
8689 12
8690 8
8691 13
8692 8
8693 13
8694 9
8695 14
8696 20
8697 14
8698 7
8699 15
8700 8
8701 14
8702 9
8703 15
8704 48
8705 16
8706 9
8707 15
8708 10
8709 16
8710 10
8711 15
8712 20
8713 13
8714 9
8715 14
8716 10
8717 14
8718 10
8719 15
8720 16
8721 15
8722 11
8723 17
8724 10
8725 15
8726 11
8727 16
8728 18
8729 16
8730 9
8731 16
8732 10
8733 17
8734 11
8735 17
8736 20
8737 16
8738 11
8739 14
8740 12
8741 15
8742 13
8743 1
8744 22
8745 2
8746 12
8747 3
8748 12
8749 3
8750 11
8751 4
8752 20
8753 4
8754 12
8755 4
8756 14
8757 5
8758 13
8759 5
8760 22
8761 5
8762 13
8763 5
8764 14
8765 6
8766 14
8767 6
8768 24
8769 7
8770 11
8771 7
8772 12
8773 6
8774 13
8775 7
8776 24
8777 7
8778 13
8779 7
8780 14
8781 8
8782 15
8783 9
8784 24
8785 7
8786 15
8787 8
8788 14
8789 8
8790 15
8791 9
8792 20
8793 9
8794 13
8795 9
8796 14
8797 9
8798 14
8799 8
8800 24
8801 9
8802 15
8803 9
8804 16
8805 10
8806 15
8807 10
8808 22
8809 10
8810 16
8811 10
8812 18
8813 10
8814 17
8815 9
8816 24
8817 10
8818 13
8819 10
8820 14
8821 11
8822 15
8823 11
8824 24
8825 11
8826 15
8827 11
8828 16
8829 12
8830 17
8831 12
8832 40
8833 10
8834 17
8835 11
8836 0
8837 11
8838 2
8839 12
8840 2
8841 12
8842 3
8843 14
8844 4
8845 12
8846 4
8847 13
8848 4
8849 13
8850 5
8851 13
8852 4
8853 11
8854 5
8855 12
8856 6
8857 12
8858 6
8859 13
8860 6
8861 13
8862 6
8863 15
8864 20
8865 13
8866 7
8867 14
8868 8
8869 13
8870 7
8871 14
8872 6
8873 14
8874 7
8875 12
8876 8
8877 13
8878 9
8879 13
8880 8
8881 14
8882 9
8883 14
8884 8
8885 15
8886 8
8887 14
8888 10
8889 15
8890 9
8891 16
8892 10
8893 15
8894 10
8895 16
8896 24
8897 15
8898 10
8899 13
8900 8
8901 14
8902 9
8903 14
8904 10
8905 15
8906 11
8907 15
8908 10
8909 17
8910 11
8911 15
8912 12
8913 16
8914 12
8915 16
8916 12
8917 16
8918 10
8919 17
8920 12
8921 17
8922 11
8923 16
8924 12
8925 14
8926 12
8927 15
8928 28
8929 15
8930 12
8931 1
8932 12
8933 2
8934 13
8935 3
8936 10
8937 3
8938 11
8939 4
8940 12
8941 4
8942 13
8943 4
8944 12
8945 5
8946 13
8947 5
8948 20
8949 5
8950 13
8951 5
8952 14
8953 6
8954 13
8955 6
8956 14
8957 7
8958 12
8959 7
8960 48
8961 6
8962 13
8963 7
8964 16
8965 7
8966 14
8967 7
8968 14
8969 8
8970 14
8971 9
8972 14
8973 7
8974 15
8975 8
8976 16
8977 8
8978 15
8979 9
8980 12
8981 9
8982 13
8983 9
8984 14
8985 9
8986 15
8987 8
8988 14
8989 9
8990 15
8991 9
8992 28
8993 10
8994 17
8995 10
8996 16
8997 10
8998 15
8999 10
9000 16
9001 10
9002 16
9003 9
9004 18
9005 10
9006 14
9007 10
9008 16
9009 11
9010 15
9011 11
9012 16
9013 11
9014 16
9015 11
9016 18
9017 12
9018 16
9019 12
9020 18
9021 10
9022 17
9023 11
9024 32
9025 11
9026 1
9027 12
9028 2
9029 12
9030 3
9031 14
9032 14
9033 12
9034 3
9035 13
9036 4
9037 13
9038 5
9039 13
9040 16
9041 11
9042 5
9043 12
9044 6
9045 12
9046 6
9047 13
9048 18
9049 13
9050 5
9051 15
9052 6
9053 13
9054 7
9055 14
9056 28
9057 13
9058 7
9059 14
9060 8
9061 14
9062 7
9063 12
9064 18
9065 13
9066 8
9067 13
9068 8
9069 14
9070 9
9071 14
9072 20
9073 15
9074 7
9075 14
9076 8
9077 15
9078 9
9079 16
9080 20
9081 15
9082 9
9083 16
9084 10
9085 15
9086 10
9087 13
9088 48
9089 14
9090 9
9091 14
9092 10
9093 15
9094 10
9095 15
9096 18
9097 17
9098 11
9099 15
9100 10
9101 16
9102 11
9103 16
9104 20
9105 16
9106 9
9107 17
9108 10
9109 17
9110 11
9111 16
9112 20
9113 14
9114 11
9115 15
9116 12
9117 15
9118 13
9119 16
9120 32
9121 1
9122 12
9123 2
9124 12
9125 3
9126 11
9127 3
9128 22
9129 4
9130 12
9131 4
9132 14
9133 4
9134 13
9135 5
9136 20
9137 5
9138 13
9139 5
9140 14
9141 5
9142 14
9143 6
9144 22
9145 6
9146 11
9147 7
9148 12
9149 7
9150 13
9151 6
9152 32
9153 7
9154 13
9155 7
9156 14
9157 7
9158 15
9159 8
9160 18
9161 9
9162 15
9163 7
9164 14
9165 8
9166 15
9167 8
9168 20
9169 9
9170 13
9171 9
9172 14
9173 9
9174 14
9175 9
9176 22
9177 8
9178 15
9179 9
9180 16
9181 9
9182 15
9183 10
9184 36
9185 10
9186 16
9187 10
9188 18
9189 10
9190 17
9191 10
9192 22
9193 9
9194 13
9195 10
9196 14
9197 10
9198 15
9199 11
9200 24
9201 11
9202 15
9203 11
9204 16
9205 11
9206 17
9207 12
9208 26
9209 12
9210 17
9211 10
9212 16
9213 11
9214 17
9215 11
9216 0
9217 12
9218 2
9219 12
9220 2
9221 14
9222 3
9223 12
9224 4
9225 13
9226 4
9227 13
9228 4
9229 13
9230 5
9231 11
9232 4
9233 12
9234 5
9235 12
9236 6
9237 13
9238 6
9239 13
9240 6
9241 15
9242 6
9243 13
9244 18
9245 14
9246 7
9247 13
9248 8
9249 14
9250 7
9251 14
9252 6
9253 12
9254 7
9255 13
9256 8
9257 13
9258 9
9259 14
9260 8
9261 14
9262 9
9263 15
9264 8
9265 14
9266 8
9267 15
9268 10
9269 16
9270 9
9271 15
9272 10
9273 16
9274 10
9275 15
9276 20
9277 13
9278 10
9279 14
9280 8
9281 14
9282 9
9283 15
9284 10
9285 15
9286 11
9287 17
9288 10
9289 15
9290 11
9291 16
9292 12
9293 16
9294 12
9295 16
9296 12
9297 17
9298 10
9299 17
9300 12
9301 16
9302 11
9303 14
9304 12
9305 15
9306 12
9307 15
9308 20
9309 16
9310 12
9311 16
9312 12
9313 1
9314 13
9315 2
9316 10
9317 3
9318 11
9319 3
9320 12
9321 4
9322 13
9323 4
9324 12
9325 4
9326 13
9327 5
9328 24
9329 5
9330 13
9331 5
9332 14
9333 5
9334 13
9335 6
9336 14
9337 6
9338 12
9339 7
9340 22
9341 7
9342 13
9343 6
9344 16
9345 7
9346 14
9347 7
9348 14
9349 7
9350 14
9351 8
9352 14
9353 9
9354 15
9355 7
9356 16
9357 8
9358 15
9359 8
9360 12
9361 9
9362 13
9363 9
9364 14
9365 9
9366 15
9367 9
9368 14
9369 8
9370 15
9371 9
9372 24
9373 9
9374 17
9375 10
9376 16
9377 10
9378 15
9379 10
9380 16
9381 10
9382 16
9383 10
9384 18
9385 9
9386 14
9387 10
9388 16
9389 10
9390 15
9391 11
9392 16
9393 11
9394 16
9395 11
9396 18
9397 11
9398 16
9399 12
9400 18
9401 12
9402 17
9403 10
9404 22
9405 11
9406 19
9407 11
9408 16
9409 12
9410 1
9411 12
9412 2
9413 14
9414 3
9415 12
9416 16
9417 13
9418 3
9419 13
9420 4
9421 13
9422 5
9423 11
9424 20
9425 12
9426 5
9427 12
9428 6
9429 13
9430 6
9431 13
9432 18
9433 15
9434 5
9435 13
9436 6
9437 14
9438 7
9439 13
9440 20
9441 14
9442 7
9443 14
9444 8
9445 12
9446 7
9447 13
9448 20
9449 13
9450 8
9451 14
9452 8
9453 14
9454 9
9455 15
9456 32
9457 14
9458 7
9459 15
9460 8
9461 16
9462 9
9463 15
9464 20
9465 16
9466 9
9467 15
9468 10
9469 13
9470 10
9471 14
9472 16
9473 14
9474 9
9475 15
9476 10
9477 15
9478 10
9479 17
9480 18
9481 15
9482 11
9483 16
9484 10
9485 16
9486 11
9487 16
9488 20
9489 17
9490 9
9491 17
9492 10
9493 16
9494 11
9495 14
9496 22
9497 15
9498 11
9499 15
9500 12
9501 16
9502 13
9503 16
9504 20
9505 17
9506 12
9507 1
9508 12
9509 2
9510 11
9511 3
9512 22
9513 3
9514 12
9515 4
9516 14
9517 4
9518 13
9519 4
9520 24
9521 5
9522 13
9523 5
9524 14
9525 5
9526 14
9527 5
9528 24
9529 6
9530 11
9531 6
9532 12
9533 7
9534 13
9535 7
9536 24
9537 6
9538 13
9539 7
9540 14
9541 7
9542 15
9543 7
9544 20
9545 8
9546 15
9547 9
9548 14
9549 7
9550 15
9551 8
9552 24
9553 8
9554 13
9555 9
9556 14
9557 9
9558 14
9559 9
9560 22
9561 9
9562 15
9563 8
9564 16
9565 9
9566 15
9567 9
9568 24
9569 10
9570 16
9571 10
9572 18
9573 10
9574 17
9575 10
9576 24
9577 10
9578 13
9579 9
9580 14
9581 10
9582 15
9583 10
9584 32
9585 11
9586 15
9587 11
9588 16
9589 11
9590 17
9591 11
9592 24
9593 12
9594 17
9595 12
9596 16
9597 10
9598 17
9599 11
9600 24
9601 11
9602 17
9603 12
9604 0
9605 12
9606 2
9607 14
9608 2
9609 12
9610 3
9611 13
9612 4
9613 13
9614 4
9615 13
9616 4
9617 11
9618 5
9619 12
9620 4
9621 12
9622 5
9623 13
9624 6
9625 13
9626 6
9627 15
9628 6
9629 13
9630 6
9631 14
9632 24
9633 13
9634 7
9635 14
9636 8
9637 14
9638 7
9639 12
9640 6
9641 13
9642 7
9643 13
9644 8
9645 14
9646 9
9647 14
9648 8
9649 15
9650 9
9651 14
9652 8
9653 15
9654 8
9655 16
9656 10
9657 15
9658 9
9659 16
9660 10
9661 15
9662 10
9663 13
9664 40
9665 14
9666 10
9667 14
9668 8
9669 15
9670 9
9671 15
9672 10
9673 17
9674 11
9675 15
9676 10
9677 16
9678 11
9679 16
9680 12
9681 16
9682 12
9683 17
9684 12
9685 17
9686 10
9687 16
9688 12
9689 14
9690 11
9691 15
9692 12
9693 15
9694 12
9695 16
9696 28
9697 16
9698 12
9699 17
9700 12
9701 16
9702 13
9703 1
9704 10
9705 2
9706 11
9707 3
9708 12
9709 3
9710 13
9711 4
9712 12
9713 4
9714 13
9715 4
9716 20
9717 5
9718 13
9719 5
9720 14
9721 5
9722 13
9723 5
9724 14
9725 6
9726 12
9727 6
9728 32
9729 7
9730 13
9731 7
9732 16
9733 6
9734 14
9735 7
9736 14
9737 7
9738 14
9739 7
9740 14
9741 8
9742 15
9743 9
9744 16
9745 7
9746 15
9747 8
9748 12
9749 8
9750 13
9751 9
9752 14
9753 9
9754 15
9755 9
9756 14
9757 9
9758 15
9759 8
9760 28
9761 9
9762 17
9763 9
9764 16
9765 10
9766 15
9767 10
9768 16
9769 10
9770 16
9771 10
9772 18
9773 10
9774 14
9775 9
9776 16
9777 10
9778 15
9779 10
9780 16
9781 11
9782 16
9783 11
9784 18
9785 11
9786 16
9787 11
9788 18
9789 12
9790 17
9791 12
9792 24
9793 10
9794 19
9795 11
9796 16
9797 11
9798 17
9799 12
9800 14
9801 12
9802 1
9803 14
9804 2
9805 12
9806 3
9807 13
9808 16
9809 13
9810 3
9811 13
9812 4
9813 11
9814 5
9815 12
9816 18
9817 12
9818 5
9819 13
9820 6
9821 13
9822 6
9823 15
9824 28
9825 13
9826 5
9827 14
9828 6
9829 13
9830 7
9831 14
9832 18
9833 14
9834 7
9835 12
9836 8
9837 13
9838 7
9839 13
9840 20
9841 14
9842 8
9843 14
9844 8
9845 15
9846 9
9847 14
9848 20
9849 15
9850 7
9851 16
9852 8
9853 15
9854 9
9855 16
9856 32
9857 15
9858 9
9859 13
9860 10
9861 14
9862 10
9863 14
9864 18
9865 15
9866 9
9867 15
9868 10
9869 17
9870 10
9871 15
9872 20
9873 16
9874 11
9875 16
9876 10
9877 16
9878 11
9879 17
9880 20
9881 17
9882 9
9883 16
9884 10
9885 14
9886 11
9887 15
9888 36
9889 15
9890 11
9891 16
9892 12
9893 16
9894 13
9895 17
9896 22
9897 16
9898 12
9899 17
9900 12
9901 1
9902 11
9903 2
9904 20
9905 3
9906 12
9907 3
9908 14
9909 4
9910 13
9911 4
9912 22
9913 4
9914 13
9915 5
9916 14
9917 5
9918 14
9919 5
9920 32
9921 5
9922 11
9923 6
9924 12
9925 6
9926 13
9927 7
9928 18
9929 7
9930 13
9931 6
9932 14
9933 7
9934 15
9935 7
9936 20
9937 7
9938 15
9939 8
9940 14
9941 9
9942 15
9943 7
9944 22
9945 8
9946 13
9947 8
9948 14
9949 9
9950 14
9951 9
9952 36
9953 9
9954 15
9955 9
9956 16
9957 8
9958 15
9959 9
9960 22
9961 9
9962 16
9963 10
9964 18
9965 10
9966 17
9967 10
9968 24
9969 10
9970 13
9971 10
9972 14
9973 9
9974 15
9975 10
9976 26
9977 10
9978 15
9979 11
9980 16
9981 11
9982 17
9983 11
9984 32
9985 11
9986 17
9987 12
9988 16
9989 12
9990 17
9991 10
9992 24
9993 11
9994 17
9995 11
9996 18
9997 12
9998 15
9999 12
10000 0
